1 -1 #SUP: 10 #SID: 0 1 2 3 4 5 6 7 8 9 
2 -1 #SUP: 8 #SID: 0 2 3 4 5 7 8 9 
3 -1 #SUP: 10 #SID: 0 1 2 3 4 5 6 7 8 9 
4 -1 #SUP: 10 #SID: 0 1 2 3 4 5 6 7 8 9 
6 -1 #SUP: 10 #SID: 0 1 2 3 4 5 6 7 8 9 
6 -1 6 -1 #SUP: 10 #SID: 0 1 2 3 4 5 6 7 8 9 
4 6 -1 #SUP: 10 #SID: 0 1 2 3 4 5 6 7 8 9 
4 -1 6 -1 #SUP: 10 #SID: 0 1 2 3 4 5 6 7 8 9 
6 -1 4 -1 #SUP: 10 #SID: 0 1 2 3 4 5 6 7 8 9 
3 6 -1 #SUP: 10 #SID: 0 1 2 3 4 5 6 7 8 9 
3 -1 6 -1 #SUP: 10 #SID: 0 1 2 3 4 5 6 7 8 9 
6 -1 3 -1 #SUP: 10 #SID: 0 1 2 3 4 5 6 7 8 9 
2 6 -1 #SUP: 8 #SID: 0 2 3 4 5 7 8 9 
2 -1 6 -1 #SUP: 8 #SID: 0 2 3 4 5 7 8 9 
6 -1 2 -1 #SUP: 8 #SID: 0 2 3 4 5 7 8 9 
1 6 -1 #SUP: 10 #SID: 0 1 2 3 4 5 6 7 8 9 
1 -1 6 -1 #SUP: 10 #SID: 0 1 2 3 4 5 6 7 8 9 
6 -1 1 -1 #SUP: 10 #SID: 0 1 2 3 4 5 6 7 8 9 
6 -1 1 -1 1 -1 #SUP: 10 #SID: 0 1 2 3 4 5 6 7 8 9 
6 -1 2 -1 1 -1 #SUP: 8 #SID: 0 2 3 4 5 7 8 9 
6 -1 1 -1 2 -1 #SUP: 6 #SID: 3 4 5 7 8 9 
6 -1 3 -1 1 -1 #SUP: 10 #SID: 0 1 2 3 4 5 6 7 8 9 
6 -1 1 -1 3 -1 #SUP: 10 #SID: 0 1 2 3 4 5 6 7 8 9 
6 -1 1 4 -1 #SUP: 5 #SID: 1 5 6 7 8 
6 -1 4 -1 1 -1 #SUP: 9 #SID: 0 1 2 3 5 6 7 8 9 
6 -1 1 -1 4 -1 #SUP: 10 #SID: 0 1 2 3 4 5 6 7 8 9 
6 -1 1 6 -1 #SUP: 10 #SID: 0 1 2 3 4 5 6 7 8 9 
6 -1 6 -1 1 -1 #SUP: 10 #SID: 0 1 2 3 4 5 6 7 8 9 
6 -1 1 -1 6 -1 #SUP: 10 #SID: 0 1 2 3 4 5 6 7 8 9 
6 -1 1 -1 6 -1 6 -1 #SUP: 10 #SID: 0 1 2 3 4 5 6 7 8 9 
6 -1 1 6 -1 6 -1 #SUP: 10 #SID: 0 1 2 3 4 5 6 7 8 9 
6 -1 1 -1 4 6 -1 #SUP: 10 #SID: 0 1 2 3 4 5 6 7 8 9 
6 -1 1 -1 4 -1 6 -1 #SUP: 10 #SID: 0 1 2 3 4 5 6 7 8 9 
6 -1 1 -1 6 -1 4 -1 #SUP: 10 #SID: 0 1 2 3 4 5 6 7 8 9 
6 -1 1 4 -1 6 -1 #SUP: 5 #SID: 1 5 6 7 8 
6 -1 1 -1 3 6 -1 #SUP: 10 #SID: 0 1 2 3 4 5 6 7 8 9 
6 -1 1 -1 3 -1 6 -1 #SUP: 10 #SID: 0 1 2 3 4 5 6 7 8 9 
6 -1 1 -1 6 -1 3 -1 #SUP: 10 #SID: 0 1 2 3 4 5 6 7 8 9 
6 -1 1 -1 2 6 -1 #SUP: 6 #SID: 3 4 5 7 8 9 
6 -1 1 -1 2 -1 6 -1 #SUP: 6 #SID: 3 4 5 7 8 9 
6 -1 1 -1 6 -1 2 -1 #SUP: 6 #SID: 3 4 5 7 8 9 
6 -1 1 -1 1 6 -1 #SUP: 10 #SID: 0 1 2 3 4 5 6 7 8 9 
6 -1 1 -1 1 -1 6 -1 #SUP: 10 #SID: 0 1 2 3 4 5 6 7 8 9 
6 -1 1 -1 6 -1 1 -1 #SUP: 10 #SID: 0 1 2 3 4 5 6 7 8 9 
6 -1 1 -1 6 -1 1 -1 1 -1 #SUP: 10 #SID: 0 1 2 3 4 5 6 7 8 9 
6 -1 1 -1 6 -1 2 -1 1 -1 #SUP: 6 #SID: 3 4 5 7 8 9 
6 -1 1 -1 6 -1 1 -1 2 -1 #SUP: 6 #SID: 3 4 5 7 8 9 
6 -1 1 -1 6 -1 3 -1 1 -1 #SUP: 10 #SID: 0 1 2 3 4 5 6 7 8 9 
6 -1 1 -1 6 -1 1 -1 3 -1 #SUP: 10 #SID: 0 1 2 3 4 5 6 7 8 9 
6 -1 1 -1 6 -1 1 4 -1 #SUP: 5 #SID: 1 5 6 7 8 
6 -1 1 -1 6 -1 4 -1 1 -1 #SUP: 9 #SID: 0 1 2 3 5 6 7 8 9 
6 -1 1 -1 6 -1 1 -1 4 -1 #SUP: 10 #SID: 0 1 2 3 4 5 6 7 8 9 
6 -1 1 -1 6 -1 1 6 -1 #SUP: 10 #SID: 0 1 2 3 4 5 6 7 8 9 
6 -1 1 -1 6 -1 6 -1 1 -1 #SUP: 10 #SID: 0 1 2 3 4 5 6 7 8 9 
6 -1 1 -1 6 -1 1 -1 6 -1 #SUP: 10 #SID: 0 1 2 3 4 5 6 7 8 9 
6 -1 1 -1 6 -1 1 -1 6 -1 6 -1 #SUP: 10 #SID: 0 1 2 3 4 5 6 7 8 9 
6 -1 1 -1 6 -1 1 6 -1 6 -1 #SUP: 10 #SID: 0 1 2 3 4 5 6 7 8 9 
6 -1 1 -1 6 -1 1 -1 4 6 -1 #SUP: 10 #SID: 0 1 2 3 4 5 6 7 8 9 
6 -1 1 -1 6 -1 1 -1 4 -1 6 -1 #SUP: 10 #SID: 0 1 2 3 4 5 6 7 8 9 
6 -1 1 -1 6 -1 1 -1 6 -1 4 -1 #SUP: 10 #SID: 0 1 2 3 4 5 6 7 8 9 
6 -1 1 -1 6 -1 1 4 -1 6 -1 #SUP: 5 #SID: 1 5 6 7 8 
6 -1 1 -1 6 -1 1 -1 3 6 -1 #SUP: 10 #SID: 0 1 2 3 4 5 6 7 8 9 
6 -1 1 -1 6 -1 1 -1 3 -1 6 -1 #SUP: 10 #SID: 0 1 2 3 4 5 6 7 8 9 
6 -1 1 -1 6 -1 1 -1 6 -1 3 -1 #SUP: 10 #SID: 0 1 2 3 4 5 6 7 8 9 
6 -1 1 -1 6 -1 1 -1 2 6 -1 #SUP: 6 #SID: 3 4 5 7 8 9 
6 -1 1 -1 6 -1 1 -1 2 -1 6 -1 #SUP: 6 #SID: 3 4 5 7 8 9 
6 -1 1 -1 6 -1 1 -1 6 -1 2 -1 #SUP: 6 #SID: 3 4 5 7 8 9 
6 -1 1 -1 6 -1 1 -1 1 6 -1 #SUP: 10 #SID: 0 1 2 3 4 5 6 7 8 9 
6 -1 1 -1 6 -1 1 -1 1 -1 6 -1 #SUP: 10 #SID: 0 1 2 3 4 5 6 7 8 9 
6 -1 1 -1 6 -1 1 -1 6 -1 1 -1 #SUP: 10 #SID: 0 1 2 3 4 5 6 7 8 9 
6 -1 1 -1 6 -1 1 -1 6 -1 1 -1 1 -1 #SUP: 10 #SID: 0 1 2 3 4 5 6 7 8 9 
6 -1 1 -1 6 -1 1 -1 6 -1 2 -1 1 -1 #SUP: 6 #SID: 3 4 5 7 8 9 
6 -1 1 -1 6 -1 1 -1 6 -1 1 -1 2 -1 #SUP: 6 #SID: 3 4 5 7 8 9 
6 -1 1 -1 6 -1 1 -1 6 -1 3 -1 1 -1 #SUP: 10 #SID: 0 1 2 3 4 5 6 7 8 9 
6 -1 1 -1 6 -1 1 -1 6 -1 1 -1 3 -1 #SUP: 10 #SID: 0 1 2 3 4 5 6 7 8 9 
6 -1 1 -1 6 -1 1 -1 6 -1 1 4 -1 #SUP: 5 #SID: 1 5 6 7 8 
6 -1 1 -1 6 -1 1 -1 6 -1 4 -1 1 -1 #SUP: 9 #SID: 0 1 2 3 5 6 7 8 9 
6 -1 1 -1 6 -1 1 -1 6 -1 1 -1 4 -1 #SUP: 10 #SID: 0 1 2 3 4 5 6 7 8 9 
6 -1 1 -1 6 -1 1 -1 6 -1 1 6 -1 #SUP: 10 #SID: 0 1 2 3 4 5 6 7 8 9 
6 -1 1 -1 6 -1 1 -1 6 -1 6 -1 1 -1 #SUP: 10 #SID: 0 1 2 3 4 5 6 7 8 9 
6 -1 1 -1 6 -1 1 -1 6 -1 1 -1 6 -1 #SUP: 10 #SID: 0 1 2 3 4 5 6 7 8 9 
6 -1 1 -1 6 -1 1 -1 6 -1 1 -1 6 -1 6 -1 #SUP: 10 #SID: 0 1 2 3 4 5 6 7 8 9 
6 -1 1 -1 6 -1 1 -1 6 -1 1 6 -1 6 -1 #SUP: 10 #SID: 0 1 2 3 4 5 6 7 8 9 
6 -1 1 -1 6 -1 1 -1 6 -1 1 -1 4 6 -1 #SUP: 10 #SID: 0 1 2 3 4 5 6 7 8 9 
6 -1 1 -1 6 -1 1 -1 6 -1 1 -1 4 -1 6 -1 #SUP: 10 #SID: 0 1 2 3 4 5 6 7 8 9 
6 -1 1 -1 6 -1 1 -1 6 -1 1 -1 6 -1 4 -1 #SUP: 10 #SID: 0 1 2 3 4 5 6 7 8 9 
6 -1 1 -1 6 -1 1 -1 6 -1 1 4 -1 6 -1 #SUP: 5 #SID: 1 5 6 7 8 
6 -1 1 -1 6 -1 1 -1 6 -1 1 -1 3 6 -1 #SUP: 10 #SID: 0 1 2 3 4 5 6 7 8 9 
6 -1 1 -1 6 -1 1 -1 6 -1 1 -1 3 -1 6 -1 #SUP: 10 #SID: 0 1 2 3 4 5 6 7 8 9 
6 -1 1 -1 6 -1 1 -1 6 -1 1 -1 6 -1 3 -1 #SUP: 10 #SID: 0 1 2 3 4 5 6 7 8 9 
6 -1 1 -1 6 -1 1 -1 6 -1 1 -1 2 6 -1 #SUP: 6 #SID: 3 4 5 7 8 9 
6 -1 1 -1 6 -1 1 -1 6 -1 1 -1 2 -1 6 -1 #SUP: 6 #SID: 3 4 5 7 8 9 
6 -1 1 -1 6 -1 1 -1 6 -1 1 -1 6 -1 2 -1 #SUP: 6 #SID: 3 4 5 7 8 9 
6 -1 1 -1 6 -1 1 -1 6 -1 1 -1 1 6 -1 #SUP: 10 #SID: 0 1 2 3 4 5 6 7 8 9 
6 -1 1 -1 6 -1 1 -1 6 -1 1 -1 1 -1 6 -1 #SUP: 10 #SID: 0 1 2 3 4 5 6 7 8 9 
6 -1 1 -1 6 -1 1 -1 6 -1 1 -1 6 -1 1 -1 #SUP: 10 #SID: 0 1 2 3 4 5 6 7 8 9 
6 -1 1 -1 6 -1 1 -1 6 -1 1 -1 6 -1 1 -1 1 -1 #SUP: 10 #SID: 0 1 2 3 4 5 6 7 8 9 
6 -1 1 -1 6 -1 1 -1 6 -1 1 -1 6 -1 2 -1 1 -1 #SUP: 5 #SID: 3 4 5 7 8 
6 -1 1 -1 6 -1 1 -1 6 -1 1 -1 6 -1 1 -1 2 -1 #SUP: 6 #SID: 3 4 5 7 8 9 
6 -1 1 -1 6 -1 1 -1 6 -1 1 -1 6 -1 3 -1 1 -1 #SUP: 9 #SID: 0 1 2 3 4 5 6 7 8 
6 -1 1 -1 6 -1 1 -1 6 -1 1 -1 6 -1 1 -1 3 -1 #SUP: 9 #SID: 1 2 3 4 5 6 7 8 9 
6 -1 1 -1 6 -1 1 -1 6 -1 1 -1 6 -1 1 4 -1 #SUP: 5 #SID: 1 5 6 7 8 
6 -1 1 -1 6 -1 1 -1 6 -1 1 -1 6 -1 4 -1 1 -1 #SUP: 8 #SID: 0 1 2 3 5 6 7 8 
6 -1 1 -1 6 -1 1 -1 6 -1 1 -1 6 -1 1 -1 4 -1 #SUP: 9 #SID: 0 1 2 4 5 6 7 8 9 
6 -1 1 -1 6 -1 1 -1 6 -1 1 -1 6 -1 1 6 -1 #SUP: 10 #SID: 0 1 2 3 4 5 6 7 8 9 
6 -1 1 -1 6 -1 1 -1 6 -1 1 -1 6 -1 6 -1 1 -1 #SUP: 10 #SID: 0 1 2 3 4 5 6 7 8 9 
6 -1 1 -1 6 -1 1 -1 6 -1 1 -1 6 -1 1 -1 6 -1 #SUP: 10 #SID: 0 1 2 3 4 5 6 7 8 9 
6 -1 1 -1 6 -1 1 -1 6 -1 1 -1 6 -1 1 -1 6 -1 6 -1 #SUP: 10 #SID: 0 1 2 3 4 5 6 7 8 9 
6 -1 1 -1 6 -1 1 -1 6 -1 1 -1 6 -1 1 6 -1 6 -1 #SUP: 10 #SID: 0 1 2 3 4 5 6 7 8 9 
6 -1 1 -1 6 -1 1 -1 6 -1 1 -1 6 -1 1 -1 4 6 -1 #SUP: 9 #SID: 0 1 2 4 5 6 7 8 9 
6 -1 1 -1 6 -1 1 -1 6 -1 1 -1 6 -1 1 -1 4 -1 6 -1 #SUP: 9 #SID: 0 1 2 4 5 6 7 8 9 
6 -1 1 -1 6 -1 1 -1 6 -1 1 -1 6 -1 1 -1 6 -1 4 -1 #SUP: 9 #SID: 0 1 2 4 5 6 7 8 9 
6 -1 1 -1 6 -1 1 -1 6 -1 1 -1 6 -1 1 4 -1 6 -1 #SUP: 5 #SID: 1 5 6 7 8 
6 -1 1 -1 6 -1 1 -1 6 -1 1 -1 6 -1 1 -1 3 6 -1 #SUP: 9 #SID: 1 2 3 4 5 6 7 8 9 
6 -1 1 -1 6 -1 1 -1 6 -1 1 -1 6 -1 1 -1 3 -1 6 -1 #SUP: 9 #SID: 1 2 3 4 5 6 7 8 9 
6 -1 1 -1 6 -1 1 -1 6 -1 1 -1 6 -1 1 -1 6 -1 3 -1 #SUP: 9 #SID: 1 2 3 4 5 6 7 8 9 
6 -1 1 -1 6 -1 1 -1 6 -1 1 -1 6 -1 1 -1 2 6 -1 #SUP: 6 #SID: 3 4 5 7 8 9 
6 -1 1 -1 6 -1 1 -1 6 -1 1 -1 6 -1 1 -1 2 -1 6 -1 #SUP: 6 #SID: 3 4 5 7 8 9 
6 -1 1 -1 6 -1 1 -1 6 -1 1 -1 6 -1 1 -1 6 -1 2 -1 #SUP: 6 #SID: 3 4 5 7 8 9 
6 -1 1 -1 6 -1 1 -1 6 -1 1 -1 6 -1 1 -1 1 6 -1 #SUP: 10 #SID: 0 1 2 3 4 5 6 7 8 9 
6 -1 1 -1 6 -1 1 -1 6 -1 1 -1 6 -1 1 -1 1 -1 6 -1 #SUP: 10 #SID: 0 1 2 3 4 5 6 7 8 9 
6 -1 1 -1 6 -1 1 -1 6 -1 1 -1 6 -1 1 -1 6 -1 1 -1 #SUP: 9 #SID: 0 1 2 3 4 5 6 7 8 
6 -1 1 -1 6 -1 1 -1 6 -1 1 -1 6 -1 1 -1 6 -1 1 -1 1 -1 #SUP: 8 #SID: 1 2 3 4 5 6 7 8 
6 -1 1 -1 6 -1 1 -1 6 -1 1 -1 6 -1 1 -1 6 -1 2 -1 1 -1 #SUP: 5 #SID: 3 4 5 7 8 
6 -1 1 -1 6 -1 1 -1 6 -1 1 -1 6 -1 1 -1 6 -1 1 -1 2 -1 #SUP: 5 #SID: 3 4 5 7 8 
6 -1 1 -1 6 -1 1 -1 6 -1 1 -1 6 -1 1 -1 6 -1 3 -1 1 -1 #SUP: 8 #SID: 1 2 3 4 5 6 7 8 
6 -1 1 -1 6 -1 1 -1 6 -1 1 -1 6 -1 1 -1 6 -1 1 -1 3 -1 #SUP: 8 #SID: 1 2 3 4 5 6 7 8 
6 -1 1 -1 6 -1 1 -1 6 -1 1 -1 6 -1 1 -1 6 -1 1 4 -1 #SUP: 5 #SID: 1 5 6 7 8 
6 -1 1 -1 6 -1 1 -1 6 -1 1 -1 6 -1 1 -1 6 -1 4 -1 1 -1 #SUP: 6 #SID: 1 2 5 6 7 8 
6 -1 1 -1 6 -1 1 -1 6 -1 1 -1 6 -1 1 -1 6 -1 1 -1 4 -1 #SUP: 8 #SID: 0 1 2 4 5 6 7 8 
6 -1 1 -1 6 -1 1 -1 6 -1 1 -1 6 -1 1 -1 6 -1 1 6 -1 #SUP: 9 #SID: 0 1 2 3 4 5 6 7 8 
6 -1 1 -1 6 -1 1 -1 6 -1 1 -1 6 -1 1 -1 6 -1 6 -1 1 -1 #SUP: 9 #SID: 0 1 2 3 4 5 6 7 8 
6 -1 1 -1 6 -1 1 -1 6 -1 1 -1 6 -1 1 -1 6 -1 1 -1 6 -1 #SUP: 9 #SID: 0 1 2 3 4 5 6 7 8 
6 -1 1 -1 6 -1 1 -1 6 -1 1 -1 6 -1 1 -1 6 -1 1 -1 6 -1 6 -1 #SUP: 9 #SID: 0 1 2 3 4 5 6 7 8 
6 -1 1 -1 6 -1 1 -1 6 -1 1 -1 6 -1 1 -1 6 -1 1 6 -1 6 -1 #SUP: 9 #SID: 0 1 2 3 4 5 6 7 8 
6 -1 1 -1 6 -1 1 -1 6 -1 1 -1 6 -1 1 -1 6 -1 1 -1 4 6 -1 #SUP: 8 #SID: 0 1 2 4 5 6 7 8 
6 -1 1 -1 6 -1 1 -1 6 -1 1 -1 6 -1 1 -1 6 -1 1 -1 4 -1 6 -1 #SUP: 8 #SID: 0 1 2 4 5 6 7 8 
6 -1 1 -1 6 -1 1 -1 6 -1 1 -1 6 -1 1 -1 6 -1 1 -1 6 -1 4 -1 #SUP: 8 #SID: 0 1 2 4 5 6 7 8 
6 -1 1 -1 6 -1 1 -1 6 -1 1 -1 6 -1 1 -1 6 -1 1 4 -1 6 -1 #SUP: 5 #SID: 1 5 6 7 8 
6 -1 1 -1 6 -1 1 -1 6 -1 1 -1 6 -1 1 -1 6 -1 1 -1 3 6 -1 #SUP: 8 #SID: 1 2 3 4 5 6 7 8 
6 -1 1 -1 6 -1 1 -1 6 -1 1 -1 6 -1 1 -1 6 -1 1 -1 3 -1 6 -1 #SUP: 8 #SID: 1 2 3 4 5 6 7 8 
6 -1 1 -1 6 -1 1 -1 6 -1 1 -1 6 -1 1 -1 6 -1 1 -1 6 -1 3 -1 #SUP: 8 #SID: 1 2 3 4 5 6 7 8 
6 -1 1 -1 6 -1 1 -1 6 -1 1 -1 6 -1 1 -1 6 -1 1 -1 2 6 -1 #SUP: 5 #SID: 3 4 5 7 8 
6 -1 1 -1 6 -1 1 -1 6 -1 1 -1 6 -1 1 -1 6 -1 1 -1 2 -1 6 -1 #SUP: 5 #SID: 3 4 5 7 8 
6 -1 1 -1 6 -1 1 -1 6 -1 1 -1 6 -1 1 -1 6 -1 1 -1 6 -1 2 -1 #SUP: 5 #SID: 3 4 5 7 8 
6 -1 1 -1 6 -1 1 -1 6 -1 1 -1 6 -1 1 -1 6 -1 1 -1 1 6 -1 #SUP: 8 #SID: 1 2 3 4 5 6 7 8 
6 -1 1 -1 6 -1 1 -1 6 -1 1 -1 6 -1 1 -1 6 -1 1 -1 1 -1 6 -1 #SUP: 8 #SID: 1 2 3 4 5 6 7 8 
6 -1 1 -1 6 -1 1 -1 6 -1 1 -1 6 -1 1 -1 6 -1 1 -1 6 -1 1 -1 #SUP: 8 #SID: 1 2 3 4 5 6 7 8 
6 -1 1 -1 6 -1 1 -1 6 -1 1 -1 6 -1 1 -1 6 -1 1 -1 6 -1 1 -1 1 -1 #SUP: 8 #SID: 1 2 3 4 5 6 7 8 
6 -1 1 -1 6 -1 1 -1 6 -1 1 -1 6 -1 1 -1 6 -1 1 -1 6 -1 2 -1 1 -1 #SUP: 5 #SID: 3 4 5 7 8 
6 -1 1 -1 6 -1 1 -1 6 -1 1 -1 6 -1 1 -1 6 -1 1 -1 6 -1 1 -1 2 -1 #SUP: 5 #SID: 3 4 5 7 8 
6 -1 1 -1 6 -1 1 -1 6 -1 1 -1 6 -1 1 -1 6 -1 1 -1 6 -1 3 -1 1 -1 #SUP: 7 #SID: 1 2 3 4 5 7 8 
6 -1 1 -1 6 -1 1 -1 6 -1 1 -1 6 -1 1 -1 6 -1 1 -1 6 -1 1 -1 3 -1 #SUP: 8 #SID: 1 2 3 4 5 6 7 8 
6 -1 1 -1 6 -1 1 -1 6 -1 1 -1 6 -1 1 -1 6 -1 1 -1 6 -1 1 4 -1 #SUP: 5 #SID: 1 5 6 7 8 
6 -1 1 -1 6 -1 1 -1 6 -1 1 -1 6 -1 1 -1 6 -1 1 -1 6 -1 4 -1 1 -1 #SUP: 6 #SID: 1 2 5 6 7 8 
6 -1 1 -1 6 -1 1 -1 6 -1 1 -1 6 -1 1 -1 6 -1 1 -1 6 -1 1 -1 4 -1 #SUP: 7 #SID: 1 2 4 5 6 7 8 
6 -1 1 -1 6 -1 1 -1 6 -1 1 -1 6 -1 1 -1 6 -1 1 -1 6 -1 1 6 -1 #SUP: 8 #SID: 1 2 3 4 5 6 7 8 
6 -1 1 -1 6 -1 1 -1 6 -1 1 -1 6 -1 1 -1 6 -1 1 -1 6 -1 6 -1 1 -1 #SUP: 8 #SID: 1 2 3 4 5 6 7 8 
6 -1 1 -1 6 -1 1 -1 6 -1 1 -1 6 -1 1 -1 6 -1 1 -1 6 -1 1 -1 6 -1 #SUP: 8 #SID: 1 2 3 4 5 6 7 8 
6 -1 1 -1 6 -1 1 -1 6 -1 1 -1 6 -1 1 -1 6 -1 1 -1 6 -1 1 -1 6 -1 6 -1 #SUP: 8 #SID: 1 2 3 4 5 6 7 8 
6 -1 1 -1 6 -1 1 -1 6 -1 1 -1 6 -1 1 -1 6 -1 1 -1 6 -1 1 6 -1 6 -1 #SUP: 8 #SID: 1 2 3 4 5 6 7 8 
6 -1 1 -1 6 -1 1 -1 6 -1 1 -1 6 -1 1 -1 6 -1 1 -1 6 -1 1 -1 4 6 -1 #SUP: 7 #SID: 1 2 4 5 6 7 8 
6 -1 1 -1 6 -1 1 -1 6 -1 1 -1 6 -1 1 -1 6 -1 1 -1 6 -1 1 -1 4 -1 6 -1 #SUP: 7 #SID: 1 2 4 5 6 7 8 
6 -1 1 -1 6 -1 1 -1 6 -1 1 -1 6 -1 1 -1 6 -1 1 -1 6 -1 1 -1 6 -1 4 -1 #SUP: 7 #SID: 1 2 4 5 6 7 8 
6 -1 1 -1 6 -1 1 -1 6 -1 1 -1 6 -1 1 -1 6 -1 1 -1 6 -1 1 4 -1 6 -1 #SUP: 5 #SID: 1 5 6 7 8 
6 -1 1 -1 6 -1 1 -1 6 -1 1 -1 6 -1 1 -1 6 -1 1 -1 6 -1 1 -1 3 6 -1 #SUP: 8 #SID: 1 2 3 4 5 6 7 8 
6 -1 1 -1 6 -1 1 -1 6 -1 1 -1 6 -1 1 -1 6 -1 1 -1 6 -1 1 -1 3 -1 6 -1 #SUP: 8 #SID: 1 2 3 4 5 6 7 8 
6 -1 1 -1 6 -1 1 -1 6 -1 1 -1 6 -1 1 -1 6 -1 1 -1 6 -1 1 -1 6 -1 3 -1 #SUP: 8 #SID: 1 2 3 4 5 6 7 8 
6 -1 1 -1 6 -1 1 -1 6 -1 1 -1 6 -1 1 -1 6 -1 1 -1 6 -1 1 -1 2 6 -1 #SUP: 5 #SID: 3 4 5 7 8 
6 -1 1 -1 6 -1 1 -1 6 -1 1 -1 6 -1 1 -1 6 -1 1 -1 6 -1 1 -1 2 -1 6 -1 #SUP: 5 #SID: 3 4 5 7 8 
6 -1 1 -1 6 -1 1 -1 6 -1 1 -1 6 -1 1 -1 6 -1 1 -1 6 -1 1 -1 6 -1 2 -1 #SUP: 5 #SID: 3 4 5 7 8 
6 -1 1 -1 6 -1 1 -1 6 -1 1 -1 6 -1 1 -1 6 -1 1 -1 6 -1 1 -1 1 6 -1 #SUP: 8 #SID: 1 2 3 4 5 6 7 8 
6 -1 1 -1 6 -1 1 -1 6 -1 1 -1 6 -1 1 -1 6 -1 1 -1 6 -1 1 -1 1 -1 6 -1 #SUP: 8 #SID: 1 2 3 4 5 6 7 8 
6 -1 1 -1 6 -1 1 -1 6 -1 1 -1 6 -1 1 -1 6 -1 1 -1 6 -1 1 -1 6 -1 1 -1 #SUP: 8 #SID: 1 2 3 4 5 6 7 8 
6 -1 1 -1 6 -1 1 -1 6 -1 1 -1 6 -1 1 -1 6 -1 1 -1 6 -1 1 -1 6 -1 1 -1 1 -1 #SUP: 7 #SID: 1 2 3 4 5 7 8 
6 -1 1 -1 6 -1 1 -1 6 -1 1 -1 6 -1 1 -1 6 -1 1 -1 6 -1 1 -1 6 -1 2 -1 1 -1 #SUP: 5 #SID: 3 4 5 7 8 
6 -1 1 -1 6 -1 1 -1 6 -1 1 -1 6 -1 1 -1 6 -1 1 -1 6 -1 1 -1 6 -1 1 -1 2 -1 #SUP: 5 #SID: 3 4 5 7 8 
6 -1 1 -1 6 -1 1 -1 6 -1 1 -1 6 -1 1 -1 6 -1 1 -1 6 -1 1 -1 6 -1 3 -1 1 -1 #SUP: 7 #SID: 1 2 3 4 5 7 8 
6 -1 1 -1 6 -1 1 -1 6 -1 1 -1 6 -1 1 -1 6 -1 1 -1 6 -1 1 -1 6 -1 1 -1 3 -1 #SUP: 8 #SID: 1 2 3 4 5 6 7 8 
6 -1 1 -1 6 -1 1 -1 6 -1 1 -1 6 -1 1 -1 6 -1 1 -1 6 -1 1 -1 6 -1 4 -1 1 -1 #SUP: 6 #SID: 1 2 5 6 7 8 
6 -1 1 -1 6 -1 1 -1 6 -1 1 -1 6 -1 1 -1 6 -1 1 -1 6 -1 1 -1 6 -1 1 -1 4 -1 #SUP: 7 #SID: 1 2 4 5 6 7 8 
6 -1 1 -1 6 -1 1 -1 6 -1 1 -1 6 -1 1 -1 6 -1 1 -1 6 -1 1 -1 6 -1 1 6 -1 #SUP: 8 #SID: 1 2 3 4 5 6 7 8 
6 -1 1 -1 6 -1 1 -1 6 -1 1 -1 6 -1 1 -1 6 -1 1 -1 6 -1 1 -1 6 -1 6 -1 1 -1 #SUP: 8 #SID: 1 2 3 4 5 6 7 8 
6 -1 1 -1 6 -1 1 -1 6 -1 1 -1 6 -1 1 -1 6 -1 1 -1 6 -1 1 -1 6 -1 1 -1 6 -1 #SUP: 8 #SID: 1 2 3 4 5 6 7 8 
6 -1 1 -1 6 -1 1 -1 6 -1 1 -1 6 -1 1 -1 6 -1 1 -1 6 -1 1 -1 6 -1 1 -1 6 -1 6 -1 #SUP: 8 #SID: 1 2 3 4 5 6 7 8 
6 -1 1 -1 6 -1 1 -1 6 -1 1 -1 6 -1 1 -1 6 -1 1 -1 6 -1 1 -1 6 -1 1 6 -1 6 -1 #SUP: 8 #SID: 1 2 3 4 5 6 7 8 
6 -1 1 -1 6 -1 1 -1 6 -1 1 -1 6 -1 1 -1 6 -1 1 -1 6 -1 1 -1 6 -1 1 -1 4 6 -1 #SUP: 7 #SID: 1 2 4 5 6 7 8 
6 -1 1 -1 6 -1 1 -1 6 -1 1 -1 6 -1 1 -1 6 -1 1 -1 6 -1 1 -1 6 -1 1 -1 4 -1 6 -1 #SUP: 7 #SID: 1 2 4 5 6 7 8 
6 -1 1 -1 6 -1 1 -1 6 -1 1 -1 6 -1 1 -1 6 -1 1 -1 6 -1 1 -1 6 -1 1 -1 6 -1 4 -1 #SUP: 7 #SID: 1 2 4 5 6 7 8 
6 -1 1 -1 6 -1 1 -1 6 -1 1 -1 6 -1 1 -1 6 -1 1 -1 6 -1 1 -1 6 -1 1 -1 3 6 -1 #SUP: 8 #SID: 1 2 3 4 5 6 7 8 
6 -1 1 -1 6 -1 1 -1 6 -1 1 -1 6 -1 1 -1 6 -1 1 -1 6 -1 1 -1 6 -1 1 -1 3 -1 6 -1 #SUP: 8 #SID: 1 2 3 4 5 6 7 8 
6 -1 1 -1 6 -1 1 -1 6 -1 1 -1 6 -1 1 -1 6 -1 1 -1 6 -1 1 -1 6 -1 1 -1 6 -1 3 -1 #SUP: 8 #SID: 1 2 3 4 5 6 7 8 
6 -1 1 -1 6 -1 1 -1 6 -1 1 -1 6 -1 1 -1 6 -1 1 -1 6 -1 1 -1 6 -1 1 -1 2 6 -1 #SUP: 5 #SID: 3 4 5 7 8 
6 -1 1 -1 6 -1 1 -1 6 -1 1 -1 6 -1 1 -1 6 -1 1 -1 6 -1 1 -1 6 -1 1 -1 2 -1 6 -1 #SUP: 5 #SID: 3 4 5 7 8 
6 -1 1 -1 6 -1 1 -1 6 -1 1 -1 6 -1 1 -1 6 -1 1 -1 6 -1 1 -1 6 -1 1 -1 6 -1 2 -1 #SUP: 5 #SID: 3 4 5 7 8 
6 -1 1 -1 6 -1 1 -1 6 -1 1 -1 6 -1 1 -1 6 -1 1 -1 6 -1 1 -1 6 -1 1 -1 1 6 -1 #SUP: 7 #SID: 1 2 3 4 5 7 8 
6 -1 1 -1 6 -1 1 -1 6 -1 1 -1 6 -1 1 -1 6 -1 1 -1 6 -1 1 -1 6 -1 1 -1 1 -1 6 -1 #SUP: 7 #SID: 1 2 3 4 5 7 8 
6 -1 1 -1 6 -1 1 -1 6 -1 1 -1 6 -1 1 -1 6 -1 1 -1 6 -1 1 -1 6 -1 1 -1 6 -1 1 -1 #SUP: 7 #SID: 1 2 3 4 5 7 8 
6 -1 1 -1 6 -1 1 -1 6 -1 1 -1 6 -1 1 -1 6 -1 1 -1 6 -1 1 -1 6 -1 1 -1 6 -1 1 -1 1 -1 #SUP: 7 #SID: 1 2 3 4 5 7 8 
6 -1 1 -1 6 -1 1 -1 6 -1 1 -1 6 -1 1 -1 6 -1 1 -1 6 -1 1 -1 6 -1 1 -1 6 -1 2 -1 1 -1 #SUP: 5 #SID: 3 4 5 7 8 
6 -1 1 -1 6 -1 1 -1 6 -1 1 -1 6 -1 1 -1 6 -1 1 -1 6 -1 1 -1 6 -1 1 -1 6 -1 1 -1 2 -1 #SUP: 5 #SID: 3 4 5 7 8 
6 -1 1 -1 6 -1 1 -1 6 -1 1 -1 6 -1 1 -1 6 -1 1 -1 6 -1 1 -1 6 -1 1 -1 6 -1 3 -1 1 -1 #SUP: 7 #SID: 1 2 3 4 5 7 8 
6 -1 1 -1 6 -1 1 -1 6 -1 1 -1 6 -1 1 -1 6 -1 1 -1 6 -1 1 -1 6 -1 1 -1 6 -1 1 -1 3 -1 #SUP: 7 #SID: 1 2 3 4 5 7 8 
6 -1 1 -1 6 -1 1 -1 6 -1 1 -1 6 -1 1 -1 6 -1 1 -1 6 -1 1 -1 6 -1 1 -1 6 -1 4 -1 1 -1 #SUP: 5 #SID: 1 2 5 7 8 
6 -1 1 -1 6 -1 1 -1 6 -1 1 -1 6 -1 1 -1 6 -1 1 -1 6 -1 1 -1 6 -1 1 -1 6 -1 1 -1 4 -1 #SUP: 6 #SID: 1 2 4 5 7 8 
6 -1 1 -1 6 -1 1 -1 6 -1 1 -1 6 -1 1 -1 6 -1 1 -1 6 -1 1 -1 6 -1 1 -1 6 -1 1 6 -1 #SUP: 7 #SID: 1 2 3 4 5 7 8 
6 -1 1 -1 6 -1 1 -1 6 -1 1 -1 6 -1 1 -1 6 -1 1 -1 6 -1 1 -1 6 -1 1 -1 6 -1 6 -1 1 -1 #SUP: 7 #SID: 1 2 3 4 5 7 8 
6 -1 1 -1 6 -1 1 -1 6 -1 1 -1 6 -1 1 -1 6 -1 1 -1 6 -1 1 -1 6 -1 1 -1 6 -1 1 -1 6 -1 #SUP: 7 #SID: 1 2 3 4 5 7 8 
6 -1 1 -1 6 -1 1 -1 6 -1 1 -1 6 -1 1 -1 6 -1 1 -1 6 -1 1 -1 6 -1 1 -1 6 -1 1 -1 6 -1 6 -1 #SUP: 7 #SID: 1 2 3 4 5 7 8 
6 -1 1 -1 6 -1 1 -1 6 -1 1 -1 6 -1 1 -1 6 -1 1 -1 6 -1 1 -1 6 -1 1 -1 6 -1 1 6 -1 6 -1 #SUP: 7 #SID: 1 2 3 4 5 7 8 
6 -1 1 -1 6 -1 1 -1 6 -1 1 -1 6 -1 1 -1 6 -1 1 -1 6 -1 1 -1 6 -1 1 -1 6 -1 1 -1 4 6 -1 #SUP: 6 #SID: 1 2 4 5 7 8 
6 -1 1 -1 6 -1 1 -1 6 -1 1 -1 6 -1 1 -1 6 -1 1 -1 6 -1 1 -1 6 -1 1 -1 6 -1 1 -1 4 -1 6 -1 #SUP: 6 #SID: 1 2 4 5 7 8 
6 -1 1 -1 6 -1 1 -1 6 -1 1 -1 6 -1 1 -1 6 -1 1 -1 6 -1 1 -1 6 -1 1 -1 6 -1 1 -1 6 -1 4 -1 #SUP: 6 #SID: 1 2 4 5 7 8 
6 -1 1 -1 6 -1 1 -1 6 -1 1 -1 6 -1 1 -1 6 -1 1 -1 6 -1 1 -1 6 -1 1 -1 6 -1 1 -1 3 6 -1 #SUP: 7 #SID: 1 2 3 4 5 7 8 
6 -1 1 -1 6 -1 1 -1 6 -1 1 -1 6 -1 1 -1 6 -1 1 -1 6 -1 1 -1 6 -1 1 -1 6 -1 1 -1 3 -1 6 -1 #SUP: 7 #SID: 1 2 3 4 5 7 8 
6 -1 1 -1 6 -1 1 -1 6 -1 1 -1 6 -1 1 -1 6 -1 1 -1 6 -1 1 -1 6 -1 1 -1 6 -1 1 -1 6 -1 3 -1 #SUP: 7 #SID: 1 2 3 4 5 7 8 
6 -1 1 -1 6 -1 1 -1 6 -1 1 -1 6 -1 1 -1 6 -1 1 -1 6 -1 1 -1 6 -1 1 -1 6 -1 1 -1 2 6 -1 #SUP: 5 #SID: 3 4 5 7 8 
6 -1 1 -1 6 -1 1 -1 6 -1 1 -1 6 -1 1 -1 6 -1 1 -1 6 -1 1 -1 6 -1 1 -1 6 -1 1 -1 2 -1 6 -1 #SUP: 5 #SID: 3 4 5 7 8 
6 -1 1 -1 6 -1 1 -1 6 -1 1 -1 6 -1 1 -1 6 -1 1 -1 6 -1 1 -1 6 -1 1 -1 6 -1 1 -1 6 -1 2 -1 #SUP: 5 #SID: 3 4 5 7 8 
6 -1 1 -1 6 -1 1 -1 6 -1 1 -1 6 -1 1 -1 6 -1 1 -1 6 -1 1 -1 6 -1 1 -1 6 -1 1 -1 1 6 -1 #SUP: 7 #SID: 1 2 3 4 5 7 8 
6 -1 1 -1 6 -1 1 -1 6 -1 1 -1 6 -1 1 -1 6 -1 1 -1 6 -1 1 -1 6 -1 1 -1 6 -1 1 -1 1 -1 6 -1 #SUP: 7 #SID: 1 2 3 4 5 7 8 
6 -1 1 -1 6 -1 1 -1 6 -1 1 -1 6 -1 1 -1 6 -1 1 -1 6 -1 1 -1 6 -1 1 -1 6 -1 1 -1 6 -1 1 -1 #SUP: 7 #SID: 1 2 3 4 5 7 8 
6 -1 1 -1 6 -1 1 -1 6 -1 1 -1 6 -1 1 -1 6 -1 1 -1 6 -1 1 -1 6 -1 1 -1 6 -1 1 -1 6 -1 1 -1 1 -1 #SUP: 7 #SID: 1 2 3 4 5 7 8 
6 -1 1 -1 6 -1 1 -1 6 -1 1 -1 6 -1 1 -1 6 -1 1 -1 6 -1 1 -1 6 -1 1 -1 6 -1 1 -1 6 -1 2 -1 1 -1 #SUP: 5 #SID: 3 4 5 7 8 
6 -1 1 -1 6 -1 1 -1 6 -1 1 -1 6 -1 1 -1 6 -1 1 -1 6 -1 1 -1 6 -1 1 -1 6 -1 1 -1 6 -1 1 -1 2 -1 #SUP: 5 #SID: 3 4 5 7 8 
6 -1 1 -1 6 -1 1 -1 6 -1 1 -1 6 -1 1 -1 6 -1 1 -1 6 -1 1 -1 6 -1 1 -1 6 -1 1 -1 6 -1 3 -1 1 -1 #SUP: 7 #SID: 1 2 3 4 5 7 8 
6 -1 1 -1 6 -1 1 -1 6 -1 1 -1 6 -1 1 -1 6 -1 1 -1 6 -1 1 -1 6 -1 1 -1 6 -1 1 -1 6 -1 1 -1 3 -1 #SUP: 7 #SID: 1 2 3 4 5 7 8 
6 -1 1 -1 6 -1 1 -1 6 -1 1 -1 6 -1 1 -1 6 -1 1 -1 6 -1 1 -1 6 -1 1 -1 6 -1 1 -1 6 -1 4 -1 1 -1 #SUP: 5 #SID: 1 2 5 7 8 
6 -1 1 -1 6 -1 1 -1 6 -1 1 -1 6 -1 1 -1 6 -1 1 -1 6 -1 1 -1 6 -1 1 -1 6 -1 1 -1 6 -1 1 -1 4 -1 #SUP: 6 #SID: 1 2 4 5 7 8 
6 -1 1 -1 6 -1 1 -1 6 -1 1 -1 6 -1 1 -1 6 -1 1 -1 6 -1 1 -1 6 -1 1 -1 6 -1 1 -1 6 -1 1 6 -1 #SUP: 7 #SID: 1 2 3 4 5 7 8 
6 -1 1 -1 6 -1 1 -1 6 -1 1 -1 6 -1 1 -1 6 -1 1 -1 6 -1 1 -1 6 -1 1 -1 6 -1 1 -1 6 -1 6 -1 1 -1 #SUP: 7 #SID: 1 2 3 4 5 7 8 
6 -1 1 -1 6 -1 1 -1 6 -1 1 -1 6 -1 1 -1 6 -1 1 -1 6 -1 1 -1 6 -1 1 -1 6 -1 1 -1 6 -1 1 -1 6 -1 #SUP: 7 #SID: 1 2 3 4 5 7 8 
6 -1 1 -1 6 -1 1 -1 6 -1 1 -1 6 -1 1 -1 6 -1 1 -1 6 -1 1 -1 6 -1 1 -1 6 -1 1 -1 6 -1 1 -1 6 -1 6 -1 #SUP: 7 #SID: 1 2 3 4 5 7 8 
6 -1 1 -1 6 -1 1 -1 6 -1 1 -1 6 -1 1 -1 6 -1 1 -1 6 -1 1 -1 6 -1 1 -1 6 -1 1 -1 6 -1 1 6 -1 6 -1 #SUP: 7 #SID: 1 2 3 4 5 7 8 
6 -1 1 -1 6 -1 1 -1 6 -1 1 -1 6 -1 1 -1 6 -1 1 -1 6 -1 1 -1 6 -1 1 -1 6 -1 1 -1 6 -1 1 -1 4 6 -1 #SUP: 6 #SID: 1 2 4 5 7 8 
6 -1 1 -1 6 -1 1 -1 6 -1 1 -1 6 -1 1 -1 6 -1 1 -1 6 -1 1 -1 6 -1 1 -1 6 -1 1 -1 6 -1 1 -1 4 -1 6 -1 #SUP: 6 #SID: 1 2 4 5 7 8 
6 -1 1 -1 6 -1 1 -1 6 -1 1 -1 6 -1 1 -1 6 -1 1 -1 6 -1 1 -1 6 -1 1 -1 6 -1 1 -1 6 -1 1 -1 6 -1 4 -1 #SUP: 6 #SID: 1 2 4 5 7 8 
6 -1 1 -1 6 -1 1 -1 6 -1 1 -1 6 -1 1 -1 6 -1 1 -1 6 -1 1 -1 6 -1 1 -1 6 -1 1 -1 6 -1 1 -1 3 6 -1 #SUP: 7 #SID: 1 2 3 4 5 7 8 
6 -1 1 -1 6 -1 1 -1 6 -1 1 -1 6 -1 1 -1 6 -1 1 -1 6 -1 1 -1 6 -1 1 -1 6 -1 1 -1 6 -1 1 -1 3 -1 6 -1 #SUP: 7 #SID: 1 2 3 4 5 7 8 
6 -1 1 -1 6 -1 1 -1 6 -1 1 -1 6 -1 1 -1 6 -1 1 -1 6 -1 1 -1 6 -1 1 -1 6 -1 1 -1 6 -1 1 -1 6 -1 3 -1 #SUP: 7 #SID: 1 2 3 4 5 7 8 
6 -1 1 -1 6 -1 1 -1 6 -1 1 -1 6 -1 1 -1 6 -1 1 -1 6 -1 1 -1 6 -1 1 -1 6 -1 1 -1 6 -1 1 -1 2 6 -1 #SUP: 5 #SID: 3 4 5 7 8 
6 -1 1 -1 6 -1 1 -1 6 -1 1 -1 6 -1 1 -1 6 -1 1 -1 6 -1 1 -1 6 -1 1 -1 6 -1 1 -1 6 -1 1 -1 2 -1 6 -1 #SUP: 5 #SID: 3 4 5 7 8 
6 -1 1 -1 6 -1 1 -1 6 -1 1 -1 6 -1 1 -1 6 -1 1 -1 6 -1 1 -1 6 -1 1 -1 6 -1 1 -1 6 -1 1 -1 6 -1 2 -1 #SUP: 5 #SID: 3 4 5 7 8 
6 -1 1 -1 6 -1 1 -1 6 -1 1 -1 6 -1 1 -1 6 -1 1 -1 6 -1 1 -1 6 -1 1 -1 6 -1 1 -1 6 -1 1 -1 1 6 -1 #SUP: 7 #SID: 1 2 3 4 5 7 8 
6 -1 1 -1 6 -1 1 -1 6 -1 1 -1 6 -1 1 -1 6 -1 1 -1 6 -1 1 -1 6 -1 1 -1 6 -1 1 -1 6 -1 1 -1 1 -1 6 -1 #SUP: 7 #SID: 1 2 3 4 5 7 8 
6 -1 1 -1 6 -1 1 -1 6 -1 1 -1 6 -1 1 -1 6 -1 1 -1 6 -1 1 -1 6 -1 1 -1 6 -1 1 -1 6 -1 1 -1 6 -1 1 -1 #SUP: 7 #SID: 1 2 3 4 5 7 8 
6 -1 1 -1 6 -1 1 -1 6 -1 1 -1 6 -1 1 -1 6 -1 1 -1 6 -1 1 -1 6 -1 1 -1 6 -1 1 -1 6 -1 1 -1 6 -1 1 -1 1 -1 #SUP: 7 #SID: 1 2 3 4 5 7 8 
6 -1 1 -1 6 -1 1 -1 6 -1 1 -1 6 -1 1 -1 6 -1 1 -1 6 -1 1 -1 6 -1 1 -1 6 -1 1 -1 6 -1 1 -1 6 -1 2 -1 1 -1 #SUP: 5 #SID: 3 4 5 7 8 
6 -1 1 -1 6 -1 1 -1 6 -1 1 -1 6 -1 1 -1 6 -1 1 -1 6 -1 1 -1 6 -1 1 -1 6 -1 1 -1 6 -1 1 -1 6 -1 1 -1 2 -1 #SUP: 5 #SID: 3 4 5 7 8 
6 -1 1 -1 6 -1 1 -1 6 -1 1 -1 6 -1 1 -1 6 -1 1 -1 6 -1 1 -1 6 -1 1 -1 6 -1 1 -1 6 -1 1 -1 6 -1 3 -1 1 -1 #SUP: 7 #SID: 1 2 3 4 5 7 8 
6 -1 1 -1 6 -1 1 -1 6 -1 1 -1 6 -1 1 -1 6 -1 1 -1 6 -1 1 -1 6 -1 1 -1 6 -1 1 -1 6 -1 1 -1 6 -1 1 -1 3 -1 #SUP: 7 #SID: 1 2 3 4 5 7 8 
6 -1 1 -1 6 -1 1 -1 6 -1 1 -1 6 -1 1 -1 6 -1 1 -1 6 -1 1 -1 6 -1 1 -1 6 -1 1 -1 6 -1 1 -1 6 -1 4 -1 1 -1 #SUP: 5 #SID: 1 2 5 7 8 
6 -1 1 -1 6 -1 1 -1 6 -1 1 -1 6 -1 1 -1 6 -1 1 -1 6 -1 1 -1 6 -1 1 -1 6 -1 1 -1 6 -1 1 -1 6 -1 1 -1 4 -1 #SUP: 6 #SID: 1 2 4 5 7 8 
6 -1 1 -1 6 -1 1 -1 6 -1 1 -1 6 -1 1 -1 6 -1 1 -1 6 -1 1 -1 6 -1 1 -1 6 -1 1 -1 6 -1 1 -1 6 -1 1 6 -1 #SUP: 7 #SID: 1 2 3 4 5 7 8 
6 -1 1 -1 6 -1 1 -1 6 -1 1 -1 6 -1 1 -1 6 -1 1 -1 6 -1 1 -1 6 -1 1 -1 6 -1 1 -1 6 -1 1 -1 6 -1 6 -1 1 -1 #SUP: 7 #SID: 1 2 3 4 5 7 8 
6 -1 1 -1 6 -1 1 -1 6 -1 1 -1 6 -1 1 -1 6 -1 1 -1 6 -1 1 -1 6 -1 1 -1 6 -1 1 -1 6 -1 1 -1 6 -1 1 -1 6 -1 #SUP: 7 #SID: 1 2 3 4 5 7 8 
6 -1 1 -1 6 -1 1 -1 6 -1 1 -1 6 -1 1 -1 6 -1 1 -1 6 -1 1 -1 6 -1 1 -1 6 -1 1 -1 6 -1 1 -1 6 -1 1 -1 6 -1 6 -1 #SUP: 7 #SID: 1 2 3 4 5 7 8 
6 -1 1 -1 6 -1 1 -1 6 -1 1 -1 6 -1 1 -1 6 -1 1 -1 6 -1 1 -1 6 -1 1 -1 6 -1 1 -1 6 -1 1 -1 6 -1 1 6 -1 6 -1 #SUP: 7 #SID: 1 2 3 4 5 7 8 
6 -1 1 -1 6 -1 1 -1 6 -1 1 -1 6 -1 1 -1 6 -1 1 -1 6 -1 1 -1 6 -1 1 -1 6 -1 1 -1 6 -1 1 -1 6 -1 1 -1 4 6 -1 #SUP: 6 #SID: 1 2 4 5 7 8 
6 -1 1 -1 6 -1 1 -1 6 -1 1 -1 6 -1 1 -1 6 -1 1 -1 6 -1 1 -1 6 -1 1 -1 6 -1 1 -1 6 -1 1 -1 6 -1 1 -1 4 -1 6 -1 #SUP: 6 #SID: 1 2 4 5 7 8 
6 -1 1 -1 6 -1 1 -1 6 -1 1 -1 6 -1 1 -1 6 -1 1 -1 6 -1 1 -1 6 -1 1 -1 6 -1 1 -1 6 -1 1 -1 6 -1 1 -1 6 -1 4 -1 #SUP: 6 #SID: 1 2 4 5 7 8 
6 -1 1 -1 6 -1 1 -1 6 -1 1 -1 6 -1 1 -1 6 -1 1 -1 6 -1 1 -1 6 -1 1 -1 6 -1 1 -1 6 -1 1 -1 6 -1 1 -1 3 6 -1 #SUP: 7 #SID: 1 2 3 4 5 7 8 
6 -1 1 -1 6 -1 1 -1 6 -1 1 -1 6 -1 1 -1 6 -1 1 -1 6 -1 1 -1 6 -1 1 -1 6 -1 1 -1 6 -1 1 -1 6 -1 1 -1 3 -1 6 -1 #SUP: 7 #SID: 1 2 3 4 5 7 8 
6 -1 1 -1 6 -1 1 -1 6 -1 1 -1 6 -1 1 -1 6 -1 1 -1 6 -1 1 -1 6 -1 1 -1 6 -1 1 -1 6 -1 1 -1 6 -1 1 -1 6 -1 3 -1 #SUP: 7 #SID: 1 2 3 4 5 7 8 
6 -1 1 -1 6 -1 1 -1 6 -1 1 -1 6 -1 1 -1 6 -1 1 -1 6 -1 1 -1 6 -1 1 -1 6 -1 1 -1 6 -1 1 -1 6 -1 1 -1 2 6 -1 #SUP: 5 #SID: 3 4 5 7 8 
6 -1 1 -1 6 -1 1 -1 6 -1 1 -1 6 -1 1 -1 6 -1 1 -1 6 -1 1 -1 6 -1 1 -1 6 -1 1 -1 6 -1 1 -1 6 -1 1 -1 2 -1 6 -1 #SUP: 5 #SID: 3 4 5 7 8 
6 -1 1 -1 6 -1 1 -1 6 -1 1 -1 6 -1 1 -1 6 -1 1 -1 6 -1 1 -1 6 -1 1 -1 6 -1 1 -1 6 -1 1 -1 6 -1 1 -1 6 -1 2 -1 #SUP: 5 #SID: 3 4 5 7 8 
6 -1 1 -1 6 -1 1 -1 6 -1 1 -1 6 -1 1 -1 6 -1 1 -1 6 -1 1 -1 6 -1 1 -1 6 -1 1 -1 6 -1 1 -1 6 -1 1 -1 1 6 -1 #SUP: 7 #SID: 1 2 3 4 5 7 8 
6 -1 1 -1 6 -1 1 -1 6 -1 1 -1 6 -1 1 -1 6 -1 1 -1 6 -1 1 -1 6 -1 1 -1 6 -1 1 -1 6 -1 1 -1 6 -1 1 -1 1 -1 6 -1 #SUP: 7 #SID: 1 2 3 4 5 7 8 
6 -1 1 -1 6 -1 1 -1 6 -1 1 -1 6 -1 1 -1 6 -1 1 -1 6 -1 1 -1 6 -1 1 -1 6 -1 1 -1 6 -1 1 -1 6 -1 1 -1 6 -1 1 -1 #SUP: 7 #SID: 1 2 3 4 5 7 8 
6 -1 1 -1 6 -1 1 -1 6 -1 1 -1 6 -1 1 -1 6 -1 1 -1 6 -1 1 -1 6 -1 1 -1 6 -1 1 -1 6 -1 1 -1 6 -1 1 -1 6 -1 1 -1 1 -1 #SUP: 7 #SID: 1 2 3 4 5 7 8 
6 -1 1 -1 6 -1 1 -1 6 -1 1 -1 6 -1 1 -1 6 -1 1 -1 6 -1 1 -1 6 -1 1 -1 6 -1 1 -1 6 -1 1 -1 6 -1 1 -1 6 -1 2 -1 1 -1 #SUP: 5 #SID: 3 4 5 7 8 
6 -1 1 -1 6 -1 1 -1 6 -1 1 -1 6 -1 1 -1 6 -1 1 -1 6 -1 1 -1 6 -1 1 -1 6 -1 1 -1 6 -1 1 -1 6 -1 1 -1 6 -1 1 -1 2 -1 #SUP: 5 #SID: 3 4 5 7 8 
6 -1 1 -1 6 -1 1 -1 6 -1 1 -1 6 -1 1 -1 6 -1 1 -1 6 -1 1 -1 6 -1 1 -1 6 -1 1 -1 6 -1 1 -1 6 -1 1 -1 6 -1 3 -1 1 -1 #SUP: 7 #SID: 1 2 3 4 5 7 8 
6 -1 1 -1 6 -1 1 -1 6 -1 1 -1 6 -1 1 -1 6 -1 1 -1 6 -1 1 -1 6 -1 1 -1 6 -1 1 -1 6 -1 1 -1 6 -1 1 -1 6 -1 1 -1 3 -1 #SUP: 7 #SID: 1 2 3 4 5 7 8 
6 -1 1 -1 6 -1 1 -1 6 -1 1 -1 6 -1 1 -1 6 -1 1 -1 6 -1 1 -1 6 -1 1 -1 6 -1 1 -1 6 -1 1 -1 6 -1 1 -1 6 -1 4 -1 1 -1 #SUP: 5 #SID: 1 2 5 7 8 
6 -1 1 -1 6 -1 1 -1 6 -1 1 -1 6 -1 1 -1 6 -1 1 -1 6 -1 1 -1 6 -1 1 -1 6 -1 1 -1 6 -1 1 -1 6 -1 1 -1 6 -1 1 -1 4 -1 #SUP: 5 #SID: 1 4 5 7 8 
6 -1 1 -1 6 -1 1 -1 6 -1 1 -1 6 -1 1 -1 6 -1 1 -1 6 -1 1 -1 6 -1 1 -1 6 -1 1 -1 6 -1 1 -1 6 -1 1 -1 6 -1 1 6 -1 #SUP: 7 #SID: 1 2 3 4 5 7 8 
6 -1 1 -1 6 -1 1 -1 6 -1 1 -1 6 -1 1 -1 6 -1 1 -1 6 -1 1 -1 6 -1 1 -1 6 -1 1 -1 6 -1 1 -1 6 -1 1 -1 6 -1 6 -1 1 -1 #SUP: 7 #SID: 1 2 3 4 5 7 8 
6 -1 1 -1 6 -1 1 -1 6 -1 1 -1 6 -1 1 -1 6 -1 1 -1 6 -1 1 -1 6 -1 1 -1 6 -1 1 -1 6 -1 1 -1 6 -1 1 -1 6 -1 1 -1 6 -1 #SUP: 7 #SID: 1 2 3 4 5 7 8 
6 -1 1 -1 6 -1 1 -1 6 -1 1 -1 6 -1 1 -1 6 -1 1 -1 6 -1 1 -1 6 -1 1 -1 6 -1 1 -1 6 -1 1 -1 6 -1 1 -1 6 -1 1 -1 6 -1 6 -1 #SUP: 7 #SID: 1 2 3 4 5 7 8 
6 -1 1 -1 6 -1 1 -1 6 -1 1 -1 6 -1 1 -1 6 -1 1 -1 6 -1 1 -1 6 -1 1 -1 6 -1 1 -1 6 -1 1 -1 6 -1 1 -1 6 -1 1 6 -1 6 -1 #SUP: 7 #SID: 1 2 3 4 5 7 8 
6 -1 1 -1 6 -1 1 -1 6 -1 1 -1 6 -1 1 -1 6 -1 1 -1 6 -1 1 -1 6 -1 1 -1 6 -1 1 -1 6 -1 1 -1 6 -1 1 -1 6 -1 1 -1 4 6 -1 #SUP: 5 #SID: 1 4 5 7 8 
6 -1 1 -1 6 -1 1 -1 6 -1 1 -1 6 -1 1 -1 6 -1 1 -1 6 -1 1 -1 6 -1 1 -1 6 -1 1 -1 6 -1 1 -1 6 -1 1 -1 6 -1 1 -1 4 -1 6 -1 #SUP: 5 #SID: 1 4 5 7 8 
6 -1 1 -1 6 -1 1 -1 6 -1 1 -1 6 -1 1 -1 6 -1 1 -1 6 -1 1 -1 6 -1 1 -1 6 -1 1 -1 6 -1 1 -1 6 -1 1 -1 6 -1 1 -1 6 -1 4 -1 #SUP: 5 #SID: 1 4 5 7 8 
6 -1 1 -1 6 -1 1 -1 6 -1 1 -1 6 -1 1 -1 6 -1 1 -1 6 -1 1 -1 6 -1 1 -1 6 -1 1 -1 6 -1 1 -1 6 -1 1 -1 6 -1 1 -1 3 6 -1 #SUP: 7 #SID: 1 2 3 4 5 7 8 
6 -1 1 -1 6 -1 1 -1 6 -1 1 -1 6 -1 1 -1 6 -1 1 -1 6 -1 1 -1 6 -1 1 -1 6 -1 1 -1 6 -1 1 -1 6 -1 1 -1 6 -1 1 -1 3 -1 6 -1 #SUP: 7 #SID: 1 2 3 4 5 7 8 
6 -1 1 -1 6 -1 1 -1 6 -1 1 -1 6 -1 1 -1 6 -1 1 -1 6 -1 1 -1 6 -1 1 -1 6 -1 1 -1 6 -1 1 -1 6 -1 1 -1 6 -1 1 -1 6 -1 3 -1 #SUP: 7 #SID: 1 2 3 4 5 7 8 
6 -1 1 -1 6 -1 1 -1 6 -1 1 -1 6 -1 1 -1 6 -1 1 -1 6 -1 1 -1 6 -1 1 -1 6 -1 1 -1 6 -1 1 -1 6 -1 1 -1 6 -1 1 -1 2 6 -1 #SUP: 5 #SID: 3 4 5 7 8 
6 -1 1 -1 6 -1 1 -1 6 -1 1 -1 6 -1 1 -1 6 -1 1 -1 6 -1 1 -1 6 -1 1 -1 6 -1 1 -1 6 -1 1 -1 6 -1 1 -1 6 -1 1 -1 2 -1 6 -1 #SUP: 5 #SID: 3 4 5 7 8 
6 -1 1 -1 6 -1 1 -1 6 -1 1 -1 6 -1 1 -1 6 -1 1 -1 6 -1 1 -1 6 -1 1 -1 6 -1 1 -1 6 -1 1 -1 6 -1 1 -1 6 -1 1 -1 6 -1 2 -1 #SUP: 5 #SID: 3 4 5 7 8 
6 -1 1 -1 6 -1 1 -1 6 -1 1 -1 6 -1 1 -1 6 -1 1 -1 6 -1 1 -1 6 -1 1 -1 6 -1 1 -1 6 -1 1 -1 6 -1 1 -1 6 -1 1 -1 1 6 -1 #SUP: 7 #SID: 1 2 3 4 5 7 8 
6 -1 1 -1 6 -1 1 -1 6 -1 1 -1 6 -1 1 -1 6 -1 1 -1 6 -1 1 -1 6 -1 1 -1 6 -1 1 -1 6 -1 1 -1 6 -1 1 -1 6 -1 1 -1 1 -1 6 -1 #SUP: 7 #SID: 1 2 3 4 5 7 8 
6 -1 1 -1 6 -1 1 -1 6 -1 1 -1 6 -1 1 -1 6 -1 1 -1 6 -1 1 -1 6 -1 1 -1 6 -1 1 -1 6 -1 1 -1 6 -1 1 -1 6 -1 1 -1 6 -1 1 -1 #SUP: 7 #SID: 1 2 3 4 5 7 8 
6 -1 1 -1 6 -1 1 -1 6 -1 1 -1 6 -1 1 -1 6 -1 1 -1 6 -1 1 -1 6 -1 1 -1 6 -1 1 -1 6 -1 1 -1 6 -1 1 -1 6 -1 1 -1 6 -1 1 -1 1 -1 #SUP: 7 #SID: 1 2 3 4 5 7 8 
6 -1 1 -1 6 -1 1 -1 6 -1 1 -1 6 -1 1 -1 6 -1 1 -1 6 -1 1 -1 6 -1 1 -1 6 -1 1 -1 6 -1 1 -1 6 -1 1 -1 6 -1 1 -1 6 -1 2 -1 1 -1 #SUP: 5 #SID: 3 4 5 7 8 
6 -1 1 -1 6 -1 1 -1 6 -1 1 -1 6 -1 1 -1 6 -1 1 -1 6 -1 1 -1 6 -1 1 -1 6 -1 1 -1 6 -1 1 -1 6 -1 1 -1 6 -1 1 -1 6 -1 1 -1 2 -1 #SUP: 5 #SID: 3 4 5 7 8 
6 -1 1 -1 6 -1 1 -1 6 -1 1 -1 6 -1 1 -1 6 -1 1 -1 6 -1 1 -1 6 -1 1 -1 6 -1 1 -1 6 -1 1 -1 6 -1 1 -1 6 -1 1 -1 6 -1 3 -1 1 -1 #SUP: 7 #SID: 1 2 3 4 5 7 8 
6 -1 1 -1 6 -1 1 -1 6 -1 1 -1 6 -1 1 -1 6 -1 1 -1 6 -1 1 -1 6 -1 1 -1 6 -1 1 -1 6 -1 1 -1 6 -1 1 -1 6 -1 1 -1 6 -1 1 -1 3 -1 #SUP: 7 #SID: 1 2 3 4 5 7 8 
6 -1 1 -1 6 -1 1 -1 6 -1 1 -1 6 -1 1 -1 6 -1 1 -1 6 -1 1 -1 6 -1 1 -1 6 -1 1 -1 6 -1 1 -1 6 -1 1 -1 6 -1 1 -1 6 -1 1 -1 4 -1 #SUP: 5 #SID: 1 4 5 7 8 
6 -1 1 -1 6 -1 1 -1 6 -1 1 -1 6 -1 1 -1 6 -1 1 -1 6 -1 1 -1 6 -1 1 -1 6 -1 1 -1 6 -1 1 -1 6 -1 1 -1 6 -1 1 -1 6 -1 1 6 -1 #SUP: 7 #SID: 1 2 3 4 5 7 8 
6 -1 1 -1 6 -1 1 -1 6 -1 1 -1 6 -1 1 -1 6 -1 1 -1 6 -1 1 -1 6 -1 1 -1 6 -1 1 -1 6 -1 1 -1 6 -1 1 -1 6 -1 1 -1 6 -1 6 -1 1 -1 #SUP: 7 #SID: 1 2 3 4 5 7 8 
6 -1 1 -1 6 -1 1 -1 6 -1 1 -1 6 -1 1 -1 6 -1 1 -1 6 -1 1 -1 6 -1 1 -1 6 -1 1 -1 6 -1 1 -1 6 -1 1 -1 6 -1 1 -1 6 -1 1 -1 6 -1 #SUP: 7 #SID: 1 2 3 4 5 7 8 
6 -1 1 -1 6 -1 1 -1 6 -1 1 -1 6 -1 1 -1 6 -1 1 -1 6 -1 1 -1 6 -1 1 -1 6 -1 1 -1 6 -1 1 -1 6 -1 1 -1 6 -1 1 -1 6 -1 1 -1 6 -1 6 -1 #SUP: 7 #SID: 1 2 3 4 5 7 8 
6 -1 1 -1 6 -1 1 -1 6 -1 1 -1 6 -1 1 -1 6 -1 1 -1 6 -1 1 -1 6 -1 1 -1 6 -1 1 -1 6 -1 1 -1 6 -1 1 -1 6 -1 1 -1 6 -1 1 6 -1 6 -1 #SUP: 7 #SID: 1 2 3 4 5 7 8 
6 -1 1 -1 6 -1 1 -1 6 -1 1 -1 6 -1 1 -1 6 -1 1 -1 6 -1 1 -1 6 -1 1 -1 6 -1 1 -1 6 -1 1 -1 6 -1 1 -1 6 -1 1 -1 6 -1 1 -1 4 6 -1 #SUP: 5 #SID: 1 4 5 7 8 
6 -1 1 -1 6 -1 1 -1 6 -1 1 -1 6 -1 1 -1 6 -1 1 -1 6 -1 1 -1 6 -1 1 -1 6 -1 1 -1 6 -1 1 -1 6 -1 1 -1 6 -1 1 -1 6 -1 1 -1 4 -1 6 -1 #SUP: 5 #SID: 1 4 5 7 8 
6 -1 1 -1 6 -1 1 -1 6 -1 1 -1 6 -1 1 -1 6 -1 1 -1 6 -1 1 -1 6 -1 1 -1 6 -1 1 -1 6 -1 1 -1 6 -1 1 -1 6 -1 1 -1 6 -1 1 -1 6 -1 4 -1 #SUP: 5 #SID: 1 4 5 7 8 
6 -1 1 -1 6 -1 1 -1 6 -1 1 -1 6 -1 1 -1 6 -1 1 -1 6 -1 1 -1 6 -1 1 -1 6 -1 1 -1 6 -1 1 -1 6 -1 1 -1 6 -1 1 -1 6 -1 1 -1 3 6 -1 #SUP: 7 #SID: 1 2 3 4 5 7 8 
6 -1 1 -1 6 -1 1 -1 6 -1 1 -1 6 -1 1 -1 6 -1 1 -1 6 -1 1 -1 6 -1 1 -1 6 -1 1 -1 6 -1 1 -1 6 -1 1 -1 6 -1 1 -1 6 -1 1 -1 3 -1 6 -1 #SUP: 7 #SID: 1 2 3 4 5 7 8 
6 -1 1 -1 6 -1 1 -1 6 -1 1 -1 6 -1 1 -1 6 -1 1 -1 6 -1 1 -1 6 -1 1 -1 6 -1 1 -1 6 -1 1 -1 6 -1 1 -1 6 -1 1 -1 6 -1 1 -1 6 -1 3 -1 #SUP: 7 #SID: 1 2 3 4 5 7 8 
6 -1 1 -1 6 -1 1 -1 6 -1 1 -1 6 -1 1 -1 6 -1 1 -1 6 -1 1 -1 6 -1 1 -1 6 -1 1 -1 6 -1 1 -1 6 -1 1 -1 6 -1 1 -1 6 -1 1 -1 2 6 -1 #SUP: 5 #SID: 3 4 5 7 8 
6 -1 1 -1 6 -1 1 -1 6 -1 1 -1 6 -1 1 -1 6 -1 1 -1 6 -1 1 -1 6 -1 1 -1 6 -1 1 -1 6 -1 1 -1 6 -1 1 -1 6 -1 1 -1 6 -1 1 -1 2 -1 6 -1 #SUP: 5 #SID: 3 4 5 7 8 
6 -1 1 -1 6 -1 1 -1 6 -1 1 -1 6 -1 1 -1 6 -1 1 -1 6 -1 1 -1 6 -1 1 -1 6 -1 1 -1 6 -1 1 -1 6 -1 1 -1 6 -1 1 -1 6 -1 1 -1 6 -1 2 -1 #SUP: 5 #SID: 3 4 5 7 8 
6 -1 1 -1 6 -1 1 -1 6 -1 1 -1 6 -1 1 -1 6 -1 1 -1 6 -1 1 -1 6 -1 1 -1 6 -1 1 -1 6 -1 1 -1 6 -1 1 -1 6 -1 1 -1 6 -1 1 -1 1 6 -1 #SUP: 7 #SID: 1 2 3 4 5 7 8 
6 -1 1 -1 6 -1 1 -1 6 -1 1 -1 6 -1 1 -1 6 -1 1 -1 6 -1 1 -1 6 -1 1 -1 6 -1 1 -1 6 -1 1 -1 6 -1 1 -1 6 -1 1 -1 6 -1 1 -1 1 -1 6 -1 #SUP: 7 #SID: 1 2 3 4 5 7 8 
6 -1 1 -1 6 -1 1 -1 6 -1 1 -1 6 -1 1 -1 6 -1 1 -1 6 -1 1 -1 6 -1 1 -1 6 -1 1 -1 6 -1 1 -1 6 -1 1 -1 6 -1 1 -1 6 -1 1 -1 6 -1 1 -1 #SUP: 7 #SID: 1 2 3 4 5 7 8 
6 -1 1 -1 6 -1 1 -1 6 -1 1 -1 6 -1 1 -1 6 -1 1 -1 6 -1 1 -1 6 -1 1 -1 6 -1 1 -1 6 -1 1 -1 6 -1 1 -1 6 -1 1 -1 6 -1 1 -1 6 -1 1 -1 1 -1 #SUP: 7 #SID: 1 2 3 4 5 7 8 
6 -1 1 -1 6 -1 1 -1 6 -1 1 -1 6 -1 1 -1 6 -1 1 -1 6 -1 1 -1 6 -1 1 -1 6 -1 1 -1 6 -1 1 -1 6 -1 1 -1 6 -1 1 -1 6 -1 1 -1 6 -1 2 -1 1 -1 #SUP: 5 #SID: 3 4 5 7 8 
6 -1 1 -1 6 -1 1 -1 6 -1 1 -1 6 -1 1 -1 6 -1 1 -1 6 -1 1 -1 6 -1 1 -1 6 -1 1 -1 6 -1 1 -1 6 -1 1 -1 6 -1 1 -1 6 -1 1 -1 6 -1 1 -1 2 -1 #SUP: 5 #SID: 3 4 5 7 8 
6 -1 1 -1 6 -1 1 -1 6 -1 1 -1 6 -1 1 -1 6 -1 1 -1 6 -1 1 -1 6 -1 1 -1 6 -1 1 -1 6 -1 1 -1 6 -1 1 -1 6 -1 1 -1 6 -1 1 -1 6 -1 3 -1 1 -1 #SUP: 7 #SID: 1 2 3 4 5 7 8 
6 -1 1 -1 6 -1 1 -1 6 -1 1 -1 6 -1 1 -1 6 -1 1 -1 6 -1 1 -1 6 -1 1 -1 6 -1 1 -1 6 -1 1 -1 6 -1 1 -1 6 -1 1 -1 6 -1 1 -1 6 -1 1 -1 3 -1 #SUP: 7 #SID: 1 2 3 4 5 7 8 
6 -1 1 -1 6 -1 1 -1 6 -1 1 -1 6 -1 1 -1 6 -1 1 -1 6 -1 1 -1 6 -1 1 -1 6 -1 1 -1 6 -1 1 -1 6 -1 1 -1 6 -1 1 -1 6 -1 1 -1 6 -1 1 -1 4 -1 #SUP: 5 #SID: 1 4 5 7 8 
6 -1 1 -1 6 -1 1 -1 6 -1 1 -1 6 -1 1 -1 6 -1 1 -1 6 -1 1 -1 6 -1 1 -1 6 -1 1 -1 6 -1 1 -1 6 -1 1 -1 6 -1 1 -1 6 -1 1 -1 6 -1 1 6 -1 #SUP: 7 #SID: 1 2 3 4 5 7 8 
6 -1 1 -1 6 -1 1 -1 6 -1 1 -1 6 -1 1 -1 6 -1 1 -1 6 -1 1 -1 6 -1 1 -1 6 -1 1 -1 6 -1 1 -1 6 -1 1 -1 6 -1 1 -1 6 -1 1 -1 6 -1 6 -1 1 -1 #SUP: 7 #SID: 1 2 3 4 5 7 8 
6 -1 1 -1 6 -1 1 -1 6 -1 1 -1 6 -1 1 -1 6 -1 1 -1 6 -1 1 -1 6 -1 1 -1 6 -1 1 -1 6 -1 1 -1 6 -1 1 -1 6 -1 1 -1 6 -1 1 -1 6 -1 1 -1 6 -1 #SUP: 7 #SID: 1 2 3 4 5 7 8 
6 -1 1 -1 6 -1 1 -1 6 -1 1 -1 6 -1 1 -1 6 -1 1 -1 6 -1 1 -1 6 -1 1 -1 6 -1 1 -1 6 -1 1 -1 6 -1 1 -1 6 -1 1 -1 6 -1 1 -1 6 -1 1 -1 6 -1 6 -1 #SUP: 7 #SID: 1 2 3 4 5 7 8 
6 -1 1 -1 6 -1 1 -1 6 -1 1 -1 6 -1 1 -1 6 -1 1 -1 6 -1 1 -1 6 -1 1 -1 6 -1 1 -1 6 -1 1 -1 6 -1 1 -1 6 -1 1 -1 6 -1 1 -1 6 -1 1 6 -1 6 -1 #SUP: 7 #SID: 1 2 3 4 5 7 8 
6 -1 1 -1 6 -1 1 -1 6 -1 1 -1 6 -1 1 -1 6 -1 1 -1 6 -1 1 -1 6 -1 1 -1 6 -1 1 -1 6 -1 1 -1 6 -1 1 -1 6 -1 1 -1 6 -1 1 -1 6 -1 1 -1 4 6 -1 #SUP: 5 #SID: 1 4 5 7 8 
6 -1 1 -1 6 -1 1 -1 6 -1 1 -1 6 -1 1 -1 6 -1 1 -1 6 -1 1 -1 6 -1 1 -1 6 -1 1 -1 6 -1 1 -1 6 -1 1 -1 6 -1 1 -1 6 -1 1 -1 6 -1 1 -1 4 -1 6 -1 #SUP: 5 #SID: 1 4 5 7 8 
6 -1 1 -1 6 -1 1 -1 6 -1 1 -1 6 -1 1 -1 6 -1 1 -1 6 -1 1 -1 6 -1 1 -1 6 -1 1 -1 6 -1 1 -1 6 -1 1 -1 6 -1 1 -1 6 -1 1 -1 6 -1 1 -1 6 -1 4 -1 #SUP: 5 #SID: 1 4 5 7 8 
6 -1 1 -1 6 -1 1 -1 6 -1 1 -1 6 -1 1 -1 6 -1 1 -1 6 -1 1 -1 6 -1 1 -1 6 -1 1 -1 6 -1 1 -1 6 -1 1 -1 6 -1 1 -1 6 -1 1 -1 6 -1 1 -1 3 6 -1 #SUP: 7 #SID: 1 2 3 4 5 7 8 
6 -1 1 -1 6 -1 1 -1 6 -1 1 -1 6 -1 1 -1 6 -1 1 -1 6 -1 1 -1 6 -1 1 -1 6 -1 1 -1 6 -1 1 -1 6 -1 1 -1 6 -1 1 -1 6 -1 1 -1 6 -1 1 -1 3 -1 6 -1 #SUP: 7 #SID: 1 2 3 4 5 7 8 
6 -1 1 -1 6 -1 1 -1 6 -1 1 -1 6 -1 1 -1 6 -1 1 -1 6 -1 1 -1 6 -1 1 -1 6 -1 1 -1 6 -1 1 -1 6 -1 1 -1 6 -1 1 -1 6 -1 1 -1 6 -1 1 -1 6 -1 3 -1 #SUP: 7 #SID: 1 2 3 4 5 7 8 
6 -1 1 -1 6 -1 1 -1 6 -1 1 -1 6 -1 1 -1 6 -1 1 -1 6 -1 1 -1 6 -1 1 -1 6 -1 1 -1 6 -1 1 -1 6 -1 1 -1 6 -1 1 -1 6 -1 1 -1 6 -1 1 -1 2 6 -1 #SUP: 5 #SID: 3 4 5 7 8 
6 -1 1 -1 6 -1 1 -1 6 -1 1 -1 6 -1 1 -1 6 -1 1 -1 6 -1 1 -1 6 -1 1 -1 6 -1 1 -1 6 -1 1 -1 6 -1 1 -1 6 -1 1 -1 6 -1 1 -1 6 -1 1 -1 2 -1 6 -1 #SUP: 5 #SID: 3 4 5 7 8 
6 -1 1 -1 6 -1 1 -1 6 -1 1 -1 6 -1 1 -1 6 -1 1 -1 6 -1 1 -1 6 -1 1 -1 6 -1 1 -1 6 -1 1 -1 6 -1 1 -1 6 -1 1 -1 6 -1 1 -1 6 -1 1 -1 6 -1 2 -1 #SUP: 5 #SID: 3 4 5 7 8 
6 -1 1 -1 6 -1 1 -1 6 -1 1 -1 6 -1 1 -1 6 -1 1 -1 6 -1 1 -1 6 -1 1 -1 6 -1 1 -1 6 -1 1 -1 6 -1 1 -1 6 -1 1 -1 6 -1 1 -1 6 -1 1 -1 1 6 -1 #SUP: 7 #SID: 1 2 3 4 5 7 8 
6 -1 1 -1 6 -1 1 -1 6 -1 1 -1 6 -1 1 -1 6 -1 1 -1 6 -1 1 -1 6 -1 1 -1 6 -1 1 -1 6 -1 1 -1 6 -1 1 -1 6 -1 1 -1 6 -1 1 -1 6 -1 1 -1 1 -1 6 -1 #SUP: 7 #SID: 1 2 3 4 5 7 8 
6 -1 1 -1 6 -1 1 -1 6 -1 1 -1 6 -1 1 -1 6 -1 1 -1 6 -1 1 -1 6 -1 1 -1 6 -1 1 -1 6 -1 1 -1 6 -1 1 -1 6 -1 1 -1 6 -1 1 -1 6 -1 1 -1 6 -1 1 -1 #SUP: 7 #SID: 1 2 3 4 5 7 8 
6 -1 1 -1 6 -1 1 -1 6 -1 1 -1 6 -1 1 -1 6 -1 1 -1 6 -1 1 -1 6 -1 1 -1 6 -1 1 -1 6 -1 1 -1 6 -1 1 -1 6 -1 1 -1 6 -1 1 -1 6 -1 1 -1 6 -1 1 -1 1 -1 #SUP: 7 #SID: 1 2 3 4 5 7 8 
6 -1 1 -1 6 -1 1 -1 6 -1 1 -1 6 -1 1 -1 6 -1 1 -1 6 -1 1 -1 6 -1 1 -1 6 -1 1 -1 6 -1 1 -1 6 -1 1 -1 6 -1 1 -1 6 -1 1 -1 6 -1 1 -1 6 -1 2 -1 1 -1 #SUP: 5 #SID: 3 4 5 7 8 
6 -1 1 -1 6 -1 1 -1 6 -1 1 -1 6 -1 1 -1 6 -1 1 -1 6 -1 1 -1 6 -1 1 -1 6 -1 1 -1 6 -1 1 -1 6 -1 1 -1 6 -1 1 -1 6 -1 1 -1 6 -1 1 -1 6 -1 1 -1 2 -1 #SUP: 5 #SID: 3 4 5 7 8 
6 -1 1 -1 6 -1 1 -1 6 -1 1 -1 6 -1 1 -1 6 -1 1 -1 6 -1 1 -1 6 -1 1 -1 6 -1 1 -1 6 -1 1 -1 6 -1 1 -1 6 -1 1 -1 6 -1 1 -1 6 -1 1 -1 6 -1 3 -1 1 -1 #SUP: 7 #SID: 1 2 3 4 5 7 8 
6 -1 1 -1 6 -1 1 -1 6 -1 1 -1 6 -1 1 -1 6 -1 1 -1 6 -1 1 -1 6 -1 1 -1 6 -1 1 -1 6 -1 1 -1 6 -1 1 -1 6 -1 1 -1 6 -1 1 -1 6 -1 1 -1 6 -1 1 -1 3 -1 #SUP: 7 #SID: 1 2 3 4 5 7 8 
6 -1 1 -1 6 -1 1 -1 6 -1 1 -1 6 -1 1 -1 6 -1 1 -1 6 -1 1 -1 6 -1 1 -1 6 -1 1 -1 6 -1 1 -1 6 -1 1 -1 6 -1 1 -1 6 -1 1 -1 6 -1 1 -1 6 -1 1 -1 4 -1 #SUP: 5 #SID: 1 4 5 7 8 
6 -1 1 -1 6 -1 1 -1 6 -1 1 -1 6 -1 1 -1 6 -1 1 -1 6 -1 1 -1 6 -1 1 -1 6 -1 1 -1 6 -1 1 -1 6 -1 1 -1 6 -1 1 -1 6 -1 1 -1 6 -1 1 -1 6 -1 1 6 -1 #SUP: 7 #SID: 1 2 3 4 5 7 8 
6 -1 1 -1 6 -1 1 -1 6 -1 1 -1 6 -1 1 -1 6 -1 1 -1 6 -1 1 -1 6 -1 1 -1 6 -1 1 -1 6 -1 1 -1 6 -1 1 -1 6 -1 1 -1 6 -1 1 -1 6 -1 1 -1 6 -1 6 -1 1 -1 #SUP: 7 #SID: 1 2 3 4 5 7 8 
6 -1 1 -1 6 -1 1 -1 6 -1 1 -1 6 -1 1 -1 6 -1 1 -1 6 -1 1 -1 6 -1 1 -1 6 -1 1 -1 6 -1 1 -1 6 -1 1 -1 6 -1 1 -1 6 -1 1 -1 6 -1 1 -1 6 -1 1 -1 6 -1 #SUP: 7 #SID: 1 2 3 4 5 7 8 
6 -1 1 -1 6 -1 1 -1 6 -1 1 -1 6 -1 1 -1 6 -1 1 -1 6 -1 1 -1 6 -1 1 -1 6 -1 1 -1 6 -1 1 -1 6 -1 1 -1 6 -1 1 -1 6 -1 1 -1 6 -1 1 -1 6 -1 1 -1 6 -1 6 -1 #SUP: 7 #SID: 1 2 3 4 5 7 8 
6 -1 1 -1 6 -1 1 -1 6 -1 1 -1 6 -1 1 -1 6 -1 1 -1 6 -1 1 -1 6 -1 1 -1 6 -1 1 -1 6 -1 1 -1 6 -1 1 -1 6 -1 1 -1 6 -1 1 -1 6 -1 1 -1 6 -1 1 6 -1 6 -1 #SUP: 7 #SID: 1 2 3 4 5 7 8 
6 -1 1 -1 6 -1 1 -1 6 -1 1 -1 6 -1 1 -1 6 -1 1 -1 6 -1 1 -1 6 -1 1 -1 6 -1 1 -1 6 -1 1 -1 6 -1 1 -1 6 -1 1 -1 6 -1 1 -1 6 -1 1 -1 6 -1 1 -1 4 6 -1 #SUP: 5 #SID: 1 4 5 7 8 
6 -1 1 -1 6 -1 1 -1 6 -1 1 -1 6 -1 1 -1 6 -1 1 -1 6 -1 1 -1 6 -1 1 -1 6 -1 1 -1 6 -1 1 -1 6 -1 1 -1 6 -1 1 -1 6 -1 1 -1 6 -1 1 -1 6 -1 1 -1 4 -1 6 -1 #SUP: 5 #SID: 1 4 5 7 8 
6 -1 1 -1 6 -1 1 -1 6 -1 1 -1 6 -1 1 -1 6 -1 1 -1 6 -1 1 -1 6 -1 1 -1 6 -1 1 -1 6 -1 1 -1 6 -1 1 -1 6 -1 1 -1 6 -1 1 -1 6 -1 1 -1 6 -1 1 -1 6 -1 4 -1 #SUP: 5 #SID: 1 4 5 7 8 
6 -1 1 -1 6 -1 1 -1 6 -1 1 -1 6 -1 1 -1 6 -1 1 -1 6 -1 1 -1 6 -1 1 -1 6 -1 1 -1 6 -1 1 -1 6 -1 1 -1 6 -1 1 -1 6 -1 1 -1 6 -1 1 -1 6 -1 1 -1 3 6 -1 #SUP: 7 #SID: 1 2 3 4 5 7 8 
6 -1 1 -1 6 -1 1 -1 6 -1 1 -1 6 -1 1 -1 6 -1 1 -1 6 -1 1 -1 6 -1 1 -1 6 -1 1 -1 6 -1 1 -1 6 -1 1 -1 6 -1 1 -1 6 -1 1 -1 6 -1 1 -1 6 -1 1 -1 3 -1 6 -1 #SUP: 7 #SID: 1 2 3 4 5 7 8 
6 -1 1 -1 6 -1 1 -1 6 -1 1 -1 6 -1 1 -1 6 -1 1 -1 6 -1 1 -1 6 -1 1 -1 6 -1 1 -1 6 -1 1 -1 6 -1 1 -1 6 -1 1 -1 6 -1 1 -1 6 -1 1 -1 6 -1 1 -1 6 -1 3 -1 #SUP: 7 #SID: 1 2 3 4 5 7 8 
6 -1 1 -1 6 -1 1 -1 6 -1 1 -1 6 -1 1 -1 6 -1 1 -1 6 -1 1 -1 6 -1 1 -1 6 -1 1 -1 6 -1 1 -1 6 -1 1 -1 6 -1 1 -1 6 -1 1 -1 6 -1 1 -1 6 -1 1 -1 2 6 -1 #SUP: 5 #SID: 3 4 5 7 8 
6 -1 1 -1 6 -1 1 -1 6 -1 1 -1 6 -1 1 -1 6 -1 1 -1 6 -1 1 -1 6 -1 1 -1 6 -1 1 -1 6 -1 1 -1 6 -1 1 -1 6 -1 1 -1 6 -1 1 -1 6 -1 1 -1 6 -1 1 -1 2 -1 6 -1 #SUP: 5 #SID: 3 4 5 7 8 
6 -1 1 -1 6 -1 1 -1 6 -1 1 -1 6 -1 1 -1 6 -1 1 -1 6 -1 1 -1 6 -1 1 -1 6 -1 1 -1 6 -1 1 -1 6 -1 1 -1 6 -1 1 -1 6 -1 1 -1 6 -1 1 -1 6 -1 1 -1 6 -1 2 -1 #SUP: 5 #SID: 3 4 5 7 8 
6 -1 1 -1 6 -1 1 -1 6 -1 1 -1 6 -1 1 -1 6 -1 1 -1 6 -1 1 -1 6 -1 1 -1 6 -1 1 -1 6 -1 1 -1 6 -1 1 -1 6 -1 1 -1 6 -1 1 -1 6 -1 1 -1 6 -1 1 -1 1 6 -1 #SUP: 7 #SID: 1 2 3 4 5 7 8 
6 -1 1 -1 6 -1 1 -1 6 -1 1 -1 6 -1 1 -1 6 -1 1 -1 6 -1 1 -1 6 -1 1 -1 6 -1 1 -1 6 -1 1 -1 6 -1 1 -1 6 -1 1 -1 6 -1 1 -1 6 -1 1 -1 6 -1 1 -1 1 -1 6 -1 #SUP: 7 #SID: 1 2 3 4 5 7 8 
6 -1 1 -1 6 -1 1 -1 6 -1 1 -1 6 -1 1 -1 6 -1 1 -1 6 -1 1 -1 6 -1 1 -1 6 -1 1 -1 6 -1 1 -1 6 -1 1 -1 6 -1 1 -1 6 -1 1 -1 6 -1 1 -1 6 -1 1 -1 6 -1 1 -1 #SUP: 7 #SID: 1 2 3 4 5 7 8 
6 -1 1 -1 6 -1 1 -1 6 -1 1 -1 6 -1 1 -1 6 -1 1 -1 6 -1 1 -1 6 -1 1 -1 6 -1 1 -1 6 -1 1 -1 6 -1 1 -1 6 -1 1 -1 6 -1 1 -1 6 -1 1 -1 6 -1 1 -1 6 -1 1 -1 1 -1 #SUP: 7 #SID: 1 2 3 4 5 7 8 
6 -1 1 -1 6 -1 1 -1 6 -1 1 -1 6 -1 1 -1 6 -1 1 -1 6 -1 1 -1 6 -1 1 -1 6 -1 1 -1 6 -1 1 -1 6 -1 1 -1 6 -1 1 -1 6 -1 1 -1 6 -1 1 -1 6 -1 1 -1 6 -1 2 -1 1 -1 #SUP: 5 #SID: 3 4 5 7 8 
6 -1 1 -1 6 -1 1 -1 6 -1 1 -1 6 -1 1 -1 6 -1 1 -1 6 -1 1 -1 6 -1 1 -1 6 -1 1 -1 6 -1 1 -1 6 -1 1 -1 6 -1 1 -1 6 -1 1 -1 6 -1 1 -1 6 -1 1 -1 6 -1 1 -1 2 -1 #SUP: 5 #SID: 3 4 5 7 8 
6 -1 1 -1 6 -1 1 -1 6 -1 1 -1 6 -1 1 -1 6 -1 1 -1 6 -1 1 -1 6 -1 1 -1 6 -1 1 -1 6 -1 1 -1 6 -1 1 -1 6 -1 1 -1 6 -1 1 -1 6 -1 1 -1 6 -1 1 -1 6 -1 3 -1 1 -1 #SUP: 6 #SID: 1 3 4 5 7 8 
6 -1 1 -1 6 -1 1 -1 6 -1 1 -1 6 -1 1 -1 6 -1 1 -1 6 -1 1 -1 6 -1 1 -1 6 -1 1 -1 6 -1 1 -1 6 -1 1 -1 6 -1 1 -1 6 -1 1 -1 6 -1 1 -1 6 -1 1 -1 6 -1 1 -1 3 -1 #SUP: 7 #SID: 1 2 3 4 5 7 8 
6 -1 1 -1 6 -1 1 -1 6 -1 1 -1 6 -1 1 -1 6 -1 1 -1 6 -1 1 -1 6 -1 1 -1 6 -1 1 -1 6 -1 1 -1 6 -1 1 -1 6 -1 1 -1 6 -1 1 -1 6 -1 1 -1 6 -1 1 -1 6 -1 1 -1 4 -1 #SUP: 5 #SID: 1 4 5 7 8 
6 -1 1 -1 6 -1 1 -1 6 -1 1 -1 6 -1 1 -1 6 -1 1 -1 6 -1 1 -1 6 -1 1 -1 6 -1 1 -1 6 -1 1 -1 6 -1 1 -1 6 -1 1 -1 6 -1 1 -1 6 -1 1 -1 6 -1 1 -1 6 -1 1 6 -1 #SUP: 7 #SID: 1 2 3 4 5 7 8 
6 -1 1 -1 6 -1 1 -1 6 -1 1 -1 6 -1 1 -1 6 -1 1 -1 6 -1 1 -1 6 -1 1 -1 6 -1 1 -1 6 -1 1 -1 6 -1 1 -1 6 -1 1 -1 6 -1 1 -1 6 -1 1 -1 6 -1 1 -1 6 -1 6 -1 1 -1 #SUP: 7 #SID: 1 2 3 4 5 7 8 
6 -1 1 -1 6 -1 1 -1 6 -1 1 -1 6 -1 1 -1 6 -1 1 -1 6 -1 1 -1 6 -1 1 -1 6 -1 1 -1 6 -1 1 -1 6 -1 1 -1 6 -1 1 -1 6 -1 1 -1 6 -1 1 -1 6 -1 1 -1 6 -1 1 -1 6 -1 #SUP: 7 #SID: 1 2 3 4 5 7 8 
6 -1 1 -1 6 -1 1 -1 6 -1 1 -1 6 -1 1 -1 6 -1 1 -1 6 -1 1 -1 6 -1 1 -1 6 -1 1 -1 6 -1 1 -1 6 -1 1 -1 6 -1 1 -1 6 -1 1 -1 6 -1 1 -1 6 -1 1 -1 6 -1 1 -1 6 -1 6 -1 #SUP: 7 #SID: 1 2 3 4 5 7 8 
6 -1 1 -1 6 -1 1 -1 6 -1 1 -1 6 -1 1 -1 6 -1 1 -1 6 -1 1 -1 6 -1 1 -1 6 -1 1 -1 6 -1 1 -1 6 -1 1 -1 6 -1 1 -1 6 -1 1 -1 6 -1 1 -1 6 -1 1 -1 6 -1 1 6 -1 6 -1 #SUP: 7 #SID: 1 2 3 4 5 7 8 
6 -1 1 -1 6 -1 1 -1 6 -1 1 -1 6 -1 1 -1 6 -1 1 -1 6 -1 1 -1 6 -1 1 -1 6 -1 1 -1 6 -1 1 -1 6 -1 1 -1 6 -1 1 -1 6 -1 1 -1 6 -1 1 -1 6 -1 1 -1 6 -1 1 -1 4 6 -1 #SUP: 5 #SID: 1 4 5 7 8 
6 -1 1 -1 6 -1 1 -1 6 -1 1 -1 6 -1 1 -1 6 -1 1 -1 6 -1 1 -1 6 -1 1 -1 6 -1 1 -1 6 -1 1 -1 6 -1 1 -1 6 -1 1 -1 6 -1 1 -1 6 -1 1 -1 6 -1 1 -1 6 -1 1 -1 4 -1 6 -1 #SUP: 5 #SID: 1 4 5 7 8 
6 -1 1 -1 6 -1 1 -1 6 -1 1 -1 6 -1 1 -1 6 -1 1 -1 6 -1 1 -1 6 -1 1 -1 6 -1 1 -1 6 -1 1 -1 6 -1 1 -1 6 -1 1 -1 6 -1 1 -1 6 -1 1 -1 6 -1 1 -1 6 -1 1 -1 6 -1 4 -1 #SUP: 5 #SID: 1 4 5 7 8 
6 -1 1 -1 6 -1 1 -1 6 -1 1 -1 6 -1 1 -1 6 -1 1 -1 6 -1 1 -1 6 -1 1 -1 6 -1 1 -1 6 -1 1 -1 6 -1 1 -1 6 -1 1 -1 6 -1 1 -1 6 -1 1 -1 6 -1 1 -1 6 -1 1 -1 3 6 -1 #SUP: 7 #SID: 1 2 3 4 5 7 8 
6 -1 1 -1 6 -1 1 -1 6 -1 1 -1 6 -1 1 -1 6 -1 1 -1 6 -1 1 -1 6 -1 1 -1 6 -1 1 -1 6 -1 1 -1 6 -1 1 -1 6 -1 1 -1 6 -1 1 -1 6 -1 1 -1 6 -1 1 -1 6 -1 1 -1 3 -1 6 -1 #SUP: 7 #SID: 1 2 3 4 5 7 8 
6 -1 1 -1 6 -1 1 -1 6 -1 1 -1 6 -1 1 -1 6 -1 1 -1 6 -1 1 -1 6 -1 1 -1 6 -1 1 -1 6 -1 1 -1 6 -1 1 -1 6 -1 1 -1 6 -1 1 -1 6 -1 1 -1 6 -1 1 -1 6 -1 1 -1 6 -1 3 -1 #SUP: 7 #SID: 1 2 3 4 5 7 8 
6 -1 1 -1 6 -1 1 -1 6 -1 1 -1 6 -1 1 -1 6 -1 1 -1 6 -1 1 -1 6 -1 1 -1 6 -1 1 -1 6 -1 1 -1 6 -1 1 -1 6 -1 1 -1 6 -1 1 -1 6 -1 1 -1 6 -1 1 -1 6 -1 1 -1 2 6 -1 #SUP: 5 #SID: 3 4 5 7 8 
6 -1 1 -1 6 -1 1 -1 6 -1 1 -1 6 -1 1 -1 6 -1 1 -1 6 -1 1 -1 6 -1 1 -1 6 -1 1 -1 6 -1 1 -1 6 -1 1 -1 6 -1 1 -1 6 -1 1 -1 6 -1 1 -1 6 -1 1 -1 6 -1 1 -1 2 -1 6 -1 #SUP: 5 #SID: 3 4 5 7 8 
6 -1 1 -1 6 -1 1 -1 6 -1 1 -1 6 -1 1 -1 6 -1 1 -1 6 -1 1 -1 6 -1 1 -1 6 -1 1 -1 6 -1 1 -1 6 -1 1 -1 6 -1 1 -1 6 -1 1 -1 6 -1 1 -1 6 -1 1 -1 6 -1 1 -1 6 -1 2 -1 #SUP: 5 #SID: 3 4 5 7 8 
6 -1 1 -1 6 -1 1 -1 6 -1 1 -1 6 -1 1 -1 6 -1 1 -1 6 -1 1 -1 6 -1 1 -1 6 -1 1 -1 6 -1 1 -1 6 -1 1 -1 6 -1 1 -1 6 -1 1 -1 6 -1 1 -1 6 -1 1 -1 6 -1 1 -1 1 6 -1 #SUP: 7 #SID: 1 2 3 4 5 7 8 
6 -1 1 -1 6 -1 1 -1 6 -1 1 -1 6 -1 1 -1 6 -1 1 -1 6 -1 1 -1 6 -1 1 -1 6 -1 1 -1 6 -1 1 -1 6 -1 1 -1 6 -1 1 -1 6 -1 1 -1 6 -1 1 -1 6 -1 1 -1 6 -1 1 -1 1 -1 6 -1 #SUP: 7 #SID: 1 2 3 4 5 7 8 
6 -1 1 -1 6 -1 1 -1 6 -1 1 -1 6 -1 1 -1 6 -1 1 -1 6 -1 1 -1 6 -1 1 -1 6 -1 1 -1 6 -1 1 -1 6 -1 1 -1 6 -1 1 -1 6 -1 1 -1 6 -1 1 -1 6 -1 1 -1 6 -1 1 -1 6 -1 1 -1 #SUP: 7 #SID: 1 2 3 4 5 7 8 
6 -1 1 -1 6 -1 1 -1 6 -1 1 -1 6 -1 1 -1 6 -1 1 -1 6 -1 1 -1 6 -1 1 -1 6 -1 1 -1 6 -1 1 -1 6 -1 1 -1 6 -1 1 -1 6 -1 1 -1 6 -1 1 -1 6 -1 1 -1 6 -1 1 -1 6 -1 1 -1 1 -1 #SUP: 7 #SID: 1 2 3 4 5 7 8 
6 -1 1 -1 6 -1 1 -1 6 -1 1 -1 6 -1 1 -1 6 -1 1 -1 6 -1 1 -1 6 -1 1 -1 6 -1 1 -1 6 -1 1 -1 6 -1 1 -1 6 -1 1 -1 6 -1 1 -1 6 -1 1 -1 6 -1 1 -1 6 -1 1 -1 6 -1 2 -1 1 -1 #SUP: 5 #SID: 3 4 5 7 8 
6 -1 1 -1 6 -1 1 -1 6 -1 1 -1 6 -1 1 -1 6 -1 1 -1 6 -1 1 -1 6 -1 1 -1 6 -1 1 -1 6 -1 1 -1 6 -1 1 -1 6 -1 1 -1 6 -1 1 -1 6 -1 1 -1 6 -1 1 -1 6 -1 1 -1 6 -1 1 -1 2 -1 #SUP: 5 #SID: 3 4 5 7 8 
6 -1 1 -1 6 -1 1 -1 6 -1 1 -1 6 -1 1 -1 6 -1 1 -1 6 -1 1 -1 6 -1 1 -1 6 -1 1 -1 6 -1 1 -1 6 -1 1 -1 6 -1 1 -1 6 -1 1 -1 6 -1 1 -1 6 -1 1 -1 6 -1 1 -1 6 -1 3 -1 1 -1 #SUP: 6 #SID: 1 3 4 5 7 8 
6 -1 1 -1 6 -1 1 -1 6 -1 1 -1 6 -1 1 -1 6 -1 1 -1 6 -1 1 -1 6 -1 1 -1 6 -1 1 -1 6 -1 1 -1 6 -1 1 -1 6 -1 1 -1 6 -1 1 -1 6 -1 1 -1 6 -1 1 -1 6 -1 1 -1 6 -1 1 -1 3 -1 #SUP: 7 #SID: 1 2 3 4 5 7 8 
6 -1 1 -1 6 -1 1 -1 6 -1 1 -1 6 -1 1 -1 6 -1 1 -1 6 -1 1 -1 6 -1 1 -1 6 -1 1 -1 6 -1 1 -1 6 -1 1 -1 6 -1 1 -1 6 -1 1 -1 6 -1 1 -1 6 -1 1 -1 6 -1 1 -1 6 -1 1 -1 4 -1 #SUP: 5 #SID: 1 4 5 7 8 
6 -1 1 -1 6 -1 1 -1 6 -1 1 -1 6 -1 1 -1 6 -1 1 -1 6 -1 1 -1 6 -1 1 -1 6 -1 1 -1 6 -1 1 -1 6 -1 1 -1 6 -1 1 -1 6 -1 1 -1 6 -1 1 -1 6 -1 1 -1 6 -1 1 -1 6 -1 1 6 -1 #SUP: 7 #SID: 1 2 3 4 5 7 8 
6 -1 1 -1 6 -1 1 -1 6 -1 1 -1 6 -1 1 -1 6 -1 1 -1 6 -1 1 -1 6 -1 1 -1 6 -1 1 -1 6 -1 1 -1 6 -1 1 -1 6 -1 1 -1 6 -1 1 -1 6 -1 1 -1 6 -1 1 -1 6 -1 1 -1 6 -1 6 -1 1 -1 #SUP: 7 #SID: 1 2 3 4 5 7 8 
6 -1 1 -1 6 -1 1 -1 6 -1 1 -1 6 -1 1 -1 6 -1 1 -1 6 -1 1 -1 6 -1 1 -1 6 -1 1 -1 6 -1 1 -1 6 -1 1 -1 6 -1 1 -1 6 -1 1 -1 6 -1 1 -1 6 -1 1 -1 6 -1 1 -1 6 -1 1 -1 6 -1 #SUP: 7 #SID: 1 2 3 4 5 7 8 
6 -1 1 -1 6 -1 1 -1 6 -1 1 -1 6 -1 1 -1 6 -1 1 -1 6 -1 1 -1 6 -1 1 -1 6 -1 1 -1 6 -1 1 -1 6 -1 1 -1 6 -1 1 -1 6 -1 1 -1 6 -1 1 -1 6 -1 1 -1 6 -1 1 -1 6 -1 1 -1 6 -1 6 -1 #SUP: 7 #SID: 1 2 3 4 5 7 8 
6 -1 1 -1 6 -1 1 -1 6 -1 1 -1 6 -1 1 -1 6 -1 1 -1 6 -1 1 -1 6 -1 1 -1 6 -1 1 -1 6 -1 1 -1 6 -1 1 -1 6 -1 1 -1 6 -1 1 -1 6 -1 1 -1 6 -1 1 -1 6 -1 1 -1 6 -1 1 6 -1 6 -1 #SUP: 7 #SID: 1 2 3 4 5 7 8 
6 -1 1 -1 6 -1 1 -1 6 -1 1 -1 6 -1 1 -1 6 -1 1 -1 6 -1 1 -1 6 -1 1 -1 6 -1 1 -1 6 -1 1 -1 6 -1 1 -1 6 -1 1 -1 6 -1 1 -1 6 -1 1 -1 6 -1 1 -1 6 -1 1 -1 6 -1 1 -1 4 6 -1 #SUP: 5 #SID: 1 4 5 7 8 
6 -1 1 -1 6 -1 1 -1 6 -1 1 -1 6 -1 1 -1 6 -1 1 -1 6 -1 1 -1 6 -1 1 -1 6 -1 1 -1 6 -1 1 -1 6 -1 1 -1 6 -1 1 -1 6 -1 1 -1 6 -1 1 -1 6 -1 1 -1 6 -1 1 -1 6 -1 1 -1 4 -1 6 -1 #SUP: 5 #SID: 1 4 5 7 8 
6 -1 1 -1 6 -1 1 -1 6 -1 1 -1 6 -1 1 -1 6 -1 1 -1 6 -1 1 -1 6 -1 1 -1 6 -1 1 -1 6 -1 1 -1 6 -1 1 -1 6 -1 1 -1 6 -1 1 -1 6 -1 1 -1 6 -1 1 -1 6 -1 1 -1 6 -1 1 -1 6 -1 4 -1 #SUP: 5 #SID: 1 4 5 7 8 
6 -1 1 -1 6 -1 1 -1 6 -1 1 -1 6 -1 1 -1 6 -1 1 -1 6 -1 1 -1 6 -1 1 -1 6 -1 1 -1 6 -1 1 -1 6 -1 1 -1 6 -1 1 -1 6 -1 1 -1 6 -1 1 -1 6 -1 1 -1 6 -1 1 -1 6 -1 1 -1 3 6 -1 #SUP: 7 #SID: 1 2 3 4 5 7 8 
6 -1 1 -1 6 -1 1 -1 6 -1 1 -1 6 -1 1 -1 6 -1 1 -1 6 -1 1 -1 6 -1 1 -1 6 -1 1 -1 6 -1 1 -1 6 -1 1 -1 6 -1 1 -1 6 -1 1 -1 6 -1 1 -1 6 -1 1 -1 6 -1 1 -1 6 -1 1 -1 3 -1 6 -1 #SUP: 7 #SID: 1 2 3 4 5 7 8 
6 -1 1 -1 6 -1 1 -1 6 -1 1 -1 6 -1 1 -1 6 -1 1 -1 6 -1 1 -1 6 -1 1 -1 6 -1 1 -1 6 -1 1 -1 6 -1 1 -1 6 -1 1 -1 6 -1 1 -1 6 -1 1 -1 6 -1 1 -1 6 -1 1 -1 6 -1 1 -1 6 -1 3 -1 #SUP: 7 #SID: 1 2 3 4 5 7 8 
6 -1 1 -1 6 -1 1 -1 6 -1 1 -1 6 -1 1 -1 6 -1 1 -1 6 -1 1 -1 6 -1 1 -1 6 -1 1 -1 6 -1 1 -1 6 -1 1 -1 6 -1 1 -1 6 -1 1 -1 6 -1 1 -1 6 -1 1 -1 6 -1 1 -1 6 -1 1 -1 2 6 -1 #SUP: 5 #SID: 3 4 5 7 8 
6 -1 1 -1 6 -1 1 -1 6 -1 1 -1 6 -1 1 -1 6 -1 1 -1 6 -1 1 -1 6 -1 1 -1 6 -1 1 -1 6 -1 1 -1 6 -1 1 -1 6 -1 1 -1 6 -1 1 -1 6 -1 1 -1 6 -1 1 -1 6 -1 1 -1 6 -1 1 -1 2 -1 6 -1 #SUP: 5 #SID: 3 4 5 7 8 
6 -1 1 -1 6 -1 1 -1 6 -1 1 -1 6 -1 1 -1 6 -1 1 -1 6 -1 1 -1 6 -1 1 -1 6 -1 1 -1 6 -1 1 -1 6 -1 1 -1 6 -1 1 -1 6 -1 1 -1 6 -1 1 -1 6 -1 1 -1 6 -1 1 -1 6 -1 1 -1 6 -1 2 -1 #SUP: 5 #SID: 3 4 5 7 8 
6 -1 1 -1 6 -1 1 -1 6 -1 1 -1 6 -1 1 -1 6 -1 1 -1 6 -1 1 -1 6 -1 1 -1 6 -1 1 -1 6 -1 1 -1 6 -1 1 -1 6 -1 1 -1 6 -1 1 -1 6 -1 1 -1 6 -1 1 -1 6 -1 1 -1 6 -1 1 -1 1 6 -1 #SUP: 7 #SID: 1 2 3 4 5 7 8 
6 -1 1 -1 6 -1 1 -1 6 -1 1 -1 6 -1 1 -1 6 -1 1 -1 6 -1 1 -1 6 -1 1 -1 6 -1 1 -1 6 -1 1 -1 6 -1 1 -1 6 -1 1 -1 6 -1 1 -1 6 -1 1 -1 6 -1 1 -1 6 -1 1 -1 6 -1 1 -1 1 -1 6 -1 #SUP: 7 #SID: 1 2 3 4 5 7 8 
6 -1 1 -1 6 -1 1 -1 6 -1 1 -1 6 -1 1 -1 6 -1 1 -1 6 -1 1 -1 6 -1 1 -1 6 -1 1 -1 6 -1 1 -1 6 -1 1 -1 6 -1 1 -1 6 -1 1 -1 6 -1 1 -1 6 -1 1 -1 6 -1 1 -1 6 -1 1 -1 6 -1 1 -1 #SUP: 7 #SID: 1 2 3 4 5 7 8 
6 -1 1 -1 6 -1 1 -1 6 -1 1 -1 6 -1 1 -1 6 -1 1 -1 6 -1 1 -1 6 -1 1 -1 6 -1 1 -1 6 -1 1 -1 6 -1 1 -1 6 -1 1 -1 6 -1 1 -1 6 -1 1 -1 6 -1 1 -1 6 -1 1 -1 6 -1 1 -1 6 -1 1 -1 1 -1 #SUP: 7 #SID: 1 2 3 4 5 7 8 
6 -1 1 -1 6 -1 1 -1 6 -1 1 -1 6 -1 1 -1 6 -1 1 -1 6 -1 1 -1 6 -1 1 -1 6 -1 1 -1 6 -1 1 -1 6 -1 1 -1 6 -1 1 -1 6 -1 1 -1 6 -1 1 -1 6 -1 1 -1 6 -1 1 -1 6 -1 1 -1 6 -1 2 -1 1 -1 #SUP: 5 #SID: 3 4 5 7 8 
6 -1 1 -1 6 -1 1 -1 6 -1 1 -1 6 -1 1 -1 6 -1 1 -1 6 -1 1 -1 6 -1 1 -1 6 -1 1 -1 6 -1 1 -1 6 -1 1 -1 6 -1 1 -1 6 -1 1 -1 6 -1 1 -1 6 -1 1 -1 6 -1 1 -1 6 -1 1 -1 6 -1 3 -1 1 -1 #SUP: 6 #SID: 1 3 4 5 7 8 
6 -1 1 -1 6 -1 1 -1 6 -1 1 -1 6 -1 1 -1 6 -1 1 -1 6 -1 1 -1 6 -1 1 -1 6 -1 1 -1 6 -1 1 -1 6 -1 1 -1 6 -1 1 -1 6 -1 1 -1 6 -1 1 -1 6 -1 1 -1 6 -1 1 -1 6 -1 1 -1 6 -1 1 -1 3 -1 #SUP: 7 #SID: 1 2 3 4 5 7 8 
6 -1 1 -1 6 -1 1 -1 6 -1 1 -1 6 -1 1 -1 6 -1 1 -1 6 -1 1 -1 6 -1 1 -1 6 -1 1 -1 6 -1 1 -1 6 -1 1 -1 6 -1 1 -1 6 -1 1 -1 6 -1 1 -1 6 -1 1 -1 6 -1 1 -1 6 -1 1 -1 6 -1 1 -1 4 -1 #SUP: 5 #SID: 1 4 5 7 8 
6 -1 1 -1 6 -1 1 -1 6 -1 1 -1 6 -1 1 -1 6 -1 1 -1 6 -1 1 -1 6 -1 1 -1 6 -1 1 -1 6 -1 1 -1 6 -1 1 -1 6 -1 1 -1 6 -1 1 -1 6 -1 1 -1 6 -1 1 -1 6 -1 1 -1 6 -1 1 -1 6 -1 1 6 -1 #SUP: 7 #SID: 1 2 3 4 5 7 8 
6 -1 1 -1 6 -1 1 -1 6 -1 1 -1 6 -1 1 -1 6 -1 1 -1 6 -1 1 -1 6 -1 1 -1 6 -1 1 -1 6 -1 1 -1 6 -1 1 -1 6 -1 1 -1 6 -1 1 -1 6 -1 1 -1 6 -1 1 -1 6 -1 1 -1 6 -1 1 -1 6 -1 6 -1 1 -1 #SUP: 7 #SID: 1 2 3 4 5 7 8 
6 -1 1 -1 6 -1 1 -1 6 -1 1 -1 6 -1 1 -1 6 -1 1 -1 6 -1 1 -1 6 -1 1 -1 6 -1 1 -1 6 -1 1 -1 6 -1 1 -1 6 -1 1 -1 6 -1 1 -1 6 -1 1 -1 6 -1 1 -1 6 -1 1 -1 6 -1 1 -1 6 -1 1 -1 6 -1 #SUP: 7 #SID: 1 2 3 4 5 7 8 
6 -1 1 -1 6 -1 1 -1 6 -1 1 -1 6 -1 1 -1 6 -1 1 -1 6 -1 1 -1 6 -1 1 -1 6 -1 1 -1 6 -1 1 -1 6 -1 1 -1 6 -1 1 -1 6 -1 1 -1 6 -1 1 -1 6 -1 1 -1 6 -1 1 -1 6 -1 1 -1 6 -1 1 -1 6 -1 6 -1 #SUP: 7 #SID: 1 2 3 4 5 7 8 
6 -1 1 -1 6 -1 1 -1 6 -1 1 -1 6 -1 1 -1 6 -1 1 -1 6 -1 1 -1 6 -1 1 -1 6 -1 1 -1 6 -1 1 -1 6 -1 1 -1 6 -1 1 -1 6 -1 1 -1 6 -1 1 -1 6 -1 1 -1 6 -1 1 -1 6 -1 1 -1 6 -1 1 6 -1 6 -1 #SUP: 7 #SID: 1 2 3 4 5 7 8 
6 -1 1 -1 6 -1 1 -1 6 -1 1 -1 6 -1 1 -1 6 -1 1 -1 6 -1 1 -1 6 -1 1 -1 6 -1 1 -1 6 -1 1 -1 6 -1 1 -1 6 -1 1 -1 6 -1 1 -1 6 -1 1 -1 6 -1 1 -1 6 -1 1 -1 6 -1 1 -1 6 -1 1 -1 4 6 -1 #SUP: 5 #SID: 1 4 5 7 8 
6 -1 1 -1 6 -1 1 -1 6 -1 1 -1 6 -1 1 -1 6 -1 1 -1 6 -1 1 -1 6 -1 1 -1 6 -1 1 -1 6 -1 1 -1 6 -1 1 -1 6 -1 1 -1 6 -1 1 -1 6 -1 1 -1 6 -1 1 -1 6 -1 1 -1 6 -1 1 -1 6 -1 1 -1 4 -1 6 -1 #SUP: 5 #SID: 1 4 5 7 8 
6 -1 1 -1 6 -1 1 -1 6 -1 1 -1 6 -1 1 -1 6 -1 1 -1 6 -1 1 -1 6 -1 1 -1 6 -1 1 -1 6 -1 1 -1 6 -1 1 -1 6 -1 1 -1 6 -1 1 -1 6 -1 1 -1 6 -1 1 -1 6 -1 1 -1 6 -1 1 -1 6 -1 1 -1 6 -1 4 -1 #SUP: 5 #SID: 1 4 5 7 8 
6 -1 1 -1 6 -1 1 -1 6 -1 1 -1 6 -1 1 -1 6 -1 1 -1 6 -1 1 -1 6 -1 1 -1 6 -1 1 -1 6 -1 1 -1 6 -1 1 -1 6 -1 1 -1 6 -1 1 -1 6 -1 1 -1 6 -1 1 -1 6 -1 1 -1 6 -1 1 -1 6 -1 1 -1 3 6 -1 #SUP: 7 #SID: 1 2 3 4 5 7 8 
6 -1 1 -1 6 -1 1 -1 6 -1 1 -1 6 -1 1 -1 6 -1 1 -1 6 -1 1 -1 6 -1 1 -1 6 -1 1 -1 6 -1 1 -1 6 -1 1 -1 6 -1 1 -1 6 -1 1 -1 6 -1 1 -1 6 -1 1 -1 6 -1 1 -1 6 -1 1 -1 6 -1 1 -1 3 -1 6 -1 #SUP: 7 #SID: 1 2 3 4 5 7 8 
6 -1 1 -1 6 -1 1 -1 6 -1 1 -1 6 -1 1 -1 6 -1 1 -1 6 -1 1 -1 6 -1 1 -1 6 -1 1 -1 6 -1 1 -1 6 -1 1 -1 6 -1 1 -1 6 -1 1 -1 6 -1 1 -1 6 -1 1 -1 6 -1 1 -1 6 -1 1 -1 6 -1 1 -1 6 -1 3 -1 #SUP: 7 #SID: 1 2 3 4 5 7 8 
6 -1 1 -1 6 -1 1 -1 6 -1 1 -1 6 -1 1 -1 6 -1 1 -1 6 -1 1 -1 6 -1 1 -1 6 -1 1 -1 6 -1 1 -1 6 -1 1 -1 6 -1 1 -1 6 -1 1 -1 6 -1 1 -1 6 -1 1 -1 6 -1 1 -1 6 -1 1 -1 6 -1 1 -1 1 6 -1 #SUP: 7 #SID: 1 2 3 4 5 7 8 
6 -1 1 -1 6 -1 1 -1 6 -1 1 -1 6 -1 1 -1 6 -1 1 -1 6 -1 1 -1 6 -1 1 -1 6 -1 1 -1 6 -1 1 -1 6 -1 1 -1 6 -1 1 -1 6 -1 1 -1 6 -1 1 -1 6 -1 1 -1 6 -1 1 -1 6 -1 1 -1 6 -1 1 -1 1 -1 6 -1 #SUP: 7 #SID: 1 2 3 4 5 7 8 
6 -1 1 -1 6 -1 1 -1 6 -1 1 -1 6 -1 1 -1 6 -1 1 -1 6 -1 1 -1 6 -1 1 -1 6 -1 1 -1 6 -1 1 -1 6 -1 1 -1 6 -1 1 -1 6 -1 1 -1 6 -1 1 -1 6 -1 1 -1 6 -1 1 -1 6 -1 1 -1 6 -1 1 -1 6 -1 1 -1 #SUP: 7 #SID: 1 2 3 4 5 7 8 
6 -1 1 -1 6 -1 1 -1 6 -1 1 -1 6 -1 1 -1 6 -1 1 -1 6 -1 1 -1 6 -1 1 -1 6 -1 1 -1 6 -1 1 -1 6 -1 1 -1 6 -1 1 -1 6 -1 1 -1 6 -1 1 -1 6 -1 1 -1 6 -1 1 -1 6 -1 1 -1 6 -1 1 -1 6 -1 1 -1 1 -1 #SUP: 7 #SID: 1 2 3 4 5 7 8 
6 -1 1 -1 6 -1 1 -1 6 -1 1 -1 6 -1 1 -1 6 -1 1 -1 6 -1 1 -1 6 -1 1 -1 6 -1 1 -1 6 -1 1 -1 6 -1 1 -1 6 -1 1 -1 6 -1 1 -1 6 -1 1 -1 6 -1 1 -1 6 -1 1 -1 6 -1 1 -1 6 -1 1 -1 6 -1 3 -1 1 -1 #SUP: 6 #SID: 1 3 4 5 7 8 
6 -1 1 -1 6 -1 1 -1 6 -1 1 -1 6 -1 1 -1 6 -1 1 -1 6 -1 1 -1 6 -1 1 -1 6 -1 1 -1 6 -1 1 -1 6 -1 1 -1 6 -1 1 -1 6 -1 1 -1 6 -1 1 -1 6 -1 1 -1 6 -1 1 -1 6 -1 1 -1 6 -1 1 -1 6 -1 1 -1 3 -1 #SUP: 6 #SID: 1 2 4 5 7 8 
6 -1 1 -1 6 -1 1 -1 6 -1 1 -1 6 -1 1 -1 6 -1 1 -1 6 -1 1 -1 6 -1 1 -1 6 -1 1 -1 6 -1 1 -1 6 -1 1 -1 6 -1 1 -1 6 -1 1 -1 6 -1 1 -1 6 -1 1 -1 6 -1 1 -1 6 -1 1 -1 6 -1 1 -1 6 -1 1 -1 4 -1 #SUP: 5 #SID: 1 4 5 7 8 
6 -1 1 -1 6 -1 1 -1 6 -1 1 -1 6 -1 1 -1 6 -1 1 -1 6 -1 1 -1 6 -1 1 -1 6 -1 1 -1 6 -1 1 -1 6 -1 1 -1 6 -1 1 -1 6 -1 1 -1 6 -1 1 -1 6 -1 1 -1 6 -1 1 -1 6 -1 1 -1 6 -1 1 -1 6 -1 1 6 -1 #SUP: 7 #SID: 1 2 3 4 5 7 8 
6 -1 1 -1 6 -1 1 -1 6 -1 1 -1 6 -1 1 -1 6 -1 1 -1 6 -1 1 -1 6 -1 1 -1 6 -1 1 -1 6 -1 1 -1 6 -1 1 -1 6 -1 1 -1 6 -1 1 -1 6 -1 1 -1 6 -1 1 -1 6 -1 1 -1 6 -1 1 -1 6 -1 1 -1 6 -1 6 -1 1 -1 #SUP: 7 #SID: 1 2 3 4 5 7 8 
6 -1 1 -1 6 -1 1 -1 6 -1 1 -1 6 -1 1 -1 6 -1 1 -1 6 -1 1 -1 6 -1 1 -1 6 -1 1 -1 6 -1 1 -1 6 -1 1 -1 6 -1 1 -1 6 -1 1 -1 6 -1 1 -1 6 -1 1 -1 6 -1 1 -1 6 -1 1 -1 6 -1 1 -1 6 -1 1 -1 6 -1 #SUP: 7 #SID: 1 2 3 4 5 7 8 
6 -1 1 -1 6 -1 1 -1 6 -1 1 -1 6 -1 1 -1 6 -1 1 -1 6 -1 1 -1 6 -1 1 -1 6 -1 1 -1 6 -1 1 -1 6 -1 1 -1 6 -1 1 -1 6 -1 1 -1 6 -1 1 -1 6 -1 1 -1 6 -1 1 -1 6 -1 1 -1 6 -1 1 -1 6 -1 1 -1 6 -1 6 -1 #SUP: 7 #SID: 1 2 3 4 5 7 8 
6 -1 1 -1 6 -1 1 -1 6 -1 1 -1 6 -1 1 -1 6 -1 1 -1 6 -1 1 -1 6 -1 1 -1 6 -1 1 -1 6 -1 1 -1 6 -1 1 -1 6 -1 1 -1 6 -1 1 -1 6 -1 1 -1 6 -1 1 -1 6 -1 1 -1 6 -1 1 -1 6 -1 1 -1 6 -1 1 6 -1 6 -1 #SUP: 7 #SID: 1 2 3 4 5 7 8 
6 -1 1 -1 6 -1 1 -1 6 -1 1 -1 6 -1 1 -1 6 -1 1 -1 6 -1 1 -1 6 -1 1 -1 6 -1 1 -1 6 -1 1 -1 6 -1 1 -1 6 -1 1 -1 6 -1 1 -1 6 -1 1 -1 6 -1 1 -1 6 -1 1 -1 6 -1 1 -1 6 -1 1 -1 6 -1 1 -1 4 6 -1 #SUP: 5 #SID: 1 4 5 7 8 
6 -1 1 -1 6 -1 1 -1 6 -1 1 -1 6 -1 1 -1 6 -1 1 -1 6 -1 1 -1 6 -1 1 -1 6 -1 1 -1 6 -1 1 -1 6 -1 1 -1 6 -1 1 -1 6 -1 1 -1 6 -1 1 -1 6 -1 1 -1 6 -1 1 -1 6 -1 1 -1 6 -1 1 -1 6 -1 1 -1 4 -1 6 -1 #SUP: 5 #SID: 1 4 5 7 8 
6 -1 1 -1 6 -1 1 -1 6 -1 1 -1 6 -1 1 -1 6 -1 1 -1 6 -1 1 -1 6 -1 1 -1 6 -1 1 -1 6 -1 1 -1 6 -1 1 -1 6 -1 1 -1 6 -1 1 -1 6 -1 1 -1 6 -1 1 -1 6 -1 1 -1 6 -1 1 -1 6 -1 1 -1 6 -1 1 -1 6 -1 4 -1 #SUP: 5 #SID: 1 4 5 7 8 
6 -1 1 -1 6 -1 1 -1 6 -1 1 -1 6 -1 1 -1 6 -1 1 -1 6 -1 1 -1 6 -1 1 -1 6 -1 1 -1 6 -1 1 -1 6 -1 1 -1 6 -1 1 -1 6 -1 1 -1 6 -1 1 -1 6 -1 1 -1 6 -1 1 -1 6 -1 1 -1 6 -1 1 -1 6 -1 1 -1 3 6 -1 #SUP: 6 #SID: 1 2 4 5 7 8 
6 -1 1 -1 6 -1 1 -1 6 -1 1 -1 6 -1 1 -1 6 -1 1 -1 6 -1 1 -1 6 -1 1 -1 6 -1 1 -1 6 -1 1 -1 6 -1 1 -1 6 -1 1 -1 6 -1 1 -1 6 -1 1 -1 6 -1 1 -1 6 -1 1 -1 6 -1 1 -1 6 -1 1 -1 6 -1 1 -1 3 -1 6 -1 #SUP: 6 #SID: 1 2 4 5 7 8 
6 -1 1 -1 6 -1 1 -1 6 -1 1 -1 6 -1 1 -1 6 -1 1 -1 6 -1 1 -1 6 -1 1 -1 6 -1 1 -1 6 -1 1 -1 6 -1 1 -1 6 -1 1 -1 6 -1 1 -1 6 -1 1 -1 6 -1 1 -1 6 -1 1 -1 6 -1 1 -1 6 -1 1 -1 6 -1 1 -1 6 -1 3 -1 #SUP: 6 #SID: 1 2 4 5 7 8 
6 -1 1 -1 6 -1 1 -1 6 -1 1 -1 6 -1 1 -1 6 -1 1 -1 6 -1 1 -1 6 -1 1 -1 6 -1 1 -1 6 -1 1 -1 6 -1 1 -1 6 -1 1 -1 6 -1 1 -1 6 -1 1 -1 6 -1 1 -1 6 -1 1 -1 6 -1 1 -1 6 -1 1 -1 6 -1 1 -1 1 6 -1 #SUP: 7 #SID: 1 2 3 4 5 7 8 
6 -1 1 -1 6 -1 1 -1 6 -1 1 -1 6 -1 1 -1 6 -1 1 -1 6 -1 1 -1 6 -1 1 -1 6 -1 1 -1 6 -1 1 -1 6 -1 1 -1 6 -1 1 -1 6 -1 1 -1 6 -1 1 -1 6 -1 1 -1 6 -1 1 -1 6 -1 1 -1 6 -1 1 -1 6 -1 1 -1 1 -1 6 -1 #SUP: 7 #SID: 1 2 3 4 5 7 8 
6 -1 1 -1 6 -1 1 -1 6 -1 1 -1 6 -1 1 -1 6 -1 1 -1 6 -1 1 -1 6 -1 1 -1 6 -1 1 -1 6 -1 1 -1 6 -1 1 -1 6 -1 1 -1 6 -1 1 -1 6 -1 1 -1 6 -1 1 -1 6 -1 1 -1 6 -1 1 -1 6 -1 1 -1 6 -1 1 -1 6 -1 1 -1 #SUP: 7 #SID: 1 2 3 4 5 7 8 
6 -1 1 -1 6 -1 1 -1 6 -1 1 -1 6 -1 1 -1 6 -1 1 -1 6 -1 1 -1 6 -1 1 -1 6 -1 1 -1 6 -1 1 -1 6 -1 1 -1 6 -1 1 -1 6 -1 1 -1 6 -1 1 -1 6 -1 1 -1 6 -1 1 -1 6 -1 1 -1 6 -1 1 -1 6 -1 1 -1 6 -1 1 -1 1 -1 #SUP: 7 #SID: 1 2 3 4 5 7 8 
6 -1 1 -1 6 -1 1 -1 6 -1 1 -1 6 -1 1 -1 6 -1 1 -1 6 -1 1 -1 6 -1 1 -1 6 -1 1 -1 6 -1 1 -1 6 -1 1 -1 6 -1 1 -1 6 -1 1 -1 6 -1 1 -1 6 -1 1 -1 6 -1 1 -1 6 -1 1 -1 6 -1 1 -1 6 -1 1 -1 6 -1 3 -1 1 -1 #SUP: 5 #SID: 1 4 5 7 8 
6 -1 1 -1 6 -1 1 -1 6 -1 1 -1 6 -1 1 -1 6 -1 1 -1 6 -1 1 -1 6 -1 1 -1 6 -1 1 -1 6 -1 1 -1 6 -1 1 -1 6 -1 1 -1 6 -1 1 -1 6 -1 1 -1 6 -1 1 -1 6 -1 1 -1 6 -1 1 -1 6 -1 1 -1 6 -1 1 -1 6 -1 1 -1 3 -1 #SUP: 6 #SID: 1 2 4 5 7 8 
6 -1 1 -1 6 -1 1 -1 6 -1 1 -1 6 -1 1 -1 6 -1 1 -1 6 -1 1 -1 6 -1 1 -1 6 -1 1 -1 6 -1 1 -1 6 -1 1 -1 6 -1 1 -1 6 -1 1 -1 6 -1 1 -1 6 -1 1 -1 6 -1 1 -1 6 -1 1 -1 6 -1 1 -1 6 -1 1 -1 6 -1 1 -1 4 -1 #SUP: 5 #SID: 1 4 5 7 8 
6 -1 1 -1 6 -1 1 -1 6 -1 1 -1 6 -1 1 -1 6 -1 1 -1 6 -1 1 -1 6 -1 1 -1 6 -1 1 -1 6 -1 1 -1 6 -1 1 -1 6 -1 1 -1 6 -1 1 -1 6 -1 1 -1 6 -1 1 -1 6 -1 1 -1 6 -1 1 -1 6 -1 1 -1 6 -1 1 -1 6 -1 1 6 -1 #SUP: 7 #SID: 1 2 3 4 5 7 8 
6 -1 1 -1 6 -1 1 -1 6 -1 1 -1 6 -1 1 -1 6 -1 1 -1 6 -1 1 -1 6 -1 1 -1 6 -1 1 -1 6 -1 1 -1 6 -1 1 -1 6 -1 1 -1 6 -1 1 -1 6 -1 1 -1 6 -1 1 -1 6 -1 1 -1 6 -1 1 -1 6 -1 1 -1 6 -1 1 -1 6 -1 6 -1 1 -1 #SUP: 7 #SID: 1 2 3 4 5 7 8 
6 -1 1 -1 6 -1 1 -1 6 -1 1 -1 6 -1 1 -1 6 -1 1 -1 6 -1 1 -1 6 -1 1 -1 6 -1 1 -1 6 -1 1 -1 6 -1 1 -1 6 -1 1 -1 6 -1 1 -1 6 -1 1 -1 6 -1 1 -1 6 -1 1 -1 6 -1 1 -1 6 -1 1 -1 6 -1 1 -1 6 -1 1 -1 6 -1 #SUP: 7 #SID: 1 2 3 4 5 7 8 
6 -1 1 -1 6 -1 1 -1 6 -1 1 -1 6 -1 1 -1 6 -1 1 -1 6 -1 1 -1 6 -1 1 -1 6 -1 1 -1 6 -1 1 -1 6 -1 1 -1 6 -1 1 -1 6 -1 1 -1 6 -1 1 -1 6 -1 1 -1 6 -1 1 -1 6 -1 1 -1 6 -1 1 -1 6 -1 1 -1 6 -1 1 -1 6 -1 6 -1 #SUP: 7 #SID: 1 2 3 4 5 7 8 
6 -1 1 -1 6 -1 1 -1 6 -1 1 -1 6 -1 1 -1 6 -1 1 -1 6 -1 1 -1 6 -1 1 -1 6 -1 1 -1 6 -1 1 -1 6 -1 1 -1 6 -1 1 -1 6 -1 1 -1 6 -1 1 -1 6 -1 1 -1 6 -1 1 -1 6 -1 1 -1 6 -1 1 -1 6 -1 1 -1 6 -1 1 6 -1 6 -1 #SUP: 7 #SID: 1 2 3 4 5 7 8 
6 -1 1 -1 6 -1 1 -1 6 -1 1 -1 6 -1 1 -1 6 -1 1 -1 6 -1 1 -1 6 -1 1 -1 6 -1 1 -1 6 -1 1 -1 6 -1 1 -1 6 -1 1 -1 6 -1 1 -1 6 -1 1 -1 6 -1 1 -1 6 -1 1 -1 6 -1 1 -1 6 -1 1 -1 6 -1 1 -1 6 -1 1 -1 4 6 -1 #SUP: 5 #SID: 1 4 5 7 8 
6 -1 1 -1 6 -1 1 -1 6 -1 1 -1 6 -1 1 -1 6 -1 1 -1 6 -1 1 -1 6 -1 1 -1 6 -1 1 -1 6 -1 1 -1 6 -1 1 -1 6 -1 1 -1 6 -1 1 -1 6 -1 1 -1 6 -1 1 -1 6 -1 1 -1 6 -1 1 -1 6 -1 1 -1 6 -1 1 -1 6 -1 1 -1 4 -1 6 -1 #SUP: 5 #SID: 1 4 5 7 8 
6 -1 1 -1 6 -1 1 -1 6 -1 1 -1 6 -1 1 -1 6 -1 1 -1 6 -1 1 -1 6 -1 1 -1 6 -1 1 -1 6 -1 1 -1 6 -1 1 -1 6 -1 1 -1 6 -1 1 -1 6 -1 1 -1 6 -1 1 -1 6 -1 1 -1 6 -1 1 -1 6 -1 1 -1 6 -1 1 -1 6 -1 1 -1 6 -1 4 -1 #SUP: 5 #SID: 1 4 5 7 8 
6 -1 1 -1 6 -1 1 -1 6 -1 1 -1 6 -1 1 -1 6 -1 1 -1 6 -1 1 -1 6 -1 1 -1 6 -1 1 -1 6 -1 1 -1 6 -1 1 -1 6 -1 1 -1 6 -1 1 -1 6 -1 1 -1 6 -1 1 -1 6 -1 1 -1 6 -1 1 -1 6 -1 1 -1 6 -1 1 -1 6 -1 1 -1 3 6 -1 #SUP: 6 #SID: 1 2 4 5 7 8 
6 -1 1 -1 6 -1 1 -1 6 -1 1 -1 6 -1 1 -1 6 -1 1 -1 6 -1 1 -1 6 -1 1 -1 6 -1 1 -1 6 -1 1 -1 6 -1 1 -1 6 -1 1 -1 6 -1 1 -1 6 -1 1 -1 6 -1 1 -1 6 -1 1 -1 6 -1 1 -1 6 -1 1 -1 6 -1 1 -1 6 -1 1 -1 3 -1 6 -1 #SUP: 6 #SID: 1 2 4 5 7 8 
6 -1 1 -1 6 -1 1 -1 6 -1 1 -1 6 -1 1 -1 6 -1 1 -1 6 -1 1 -1 6 -1 1 -1 6 -1 1 -1 6 -1 1 -1 6 -1 1 -1 6 -1 1 -1 6 -1 1 -1 6 -1 1 -1 6 -1 1 -1 6 -1 1 -1 6 -1 1 -1 6 -1 1 -1 6 -1 1 -1 6 -1 1 -1 6 -1 3 -1 #SUP: 6 #SID: 1 2 4 5 7 8 
6 -1 1 -1 6 -1 1 -1 6 -1 1 -1 6 -1 1 -1 6 -1 1 -1 6 -1 1 -1 6 -1 1 -1 6 -1 1 -1 6 -1 1 -1 6 -1 1 -1 6 -1 1 -1 6 -1 1 -1 6 -1 1 -1 6 -1 1 -1 6 -1 1 -1 6 -1 1 -1 6 -1 1 -1 6 -1 1 -1 6 -1 1 -1 1 6 -1 #SUP: 7 #SID: 1 2 3 4 5 7 8 
6 -1 1 -1 6 -1 1 -1 6 -1 1 -1 6 -1 1 -1 6 -1 1 -1 6 -1 1 -1 6 -1 1 -1 6 -1 1 -1 6 -1 1 -1 6 -1 1 -1 6 -1 1 -1 6 -1 1 -1 6 -1 1 -1 6 -1 1 -1 6 -1 1 -1 6 -1 1 -1 6 -1 1 -1 6 -1 1 -1 6 -1 1 -1 1 -1 6 -1 #SUP: 7 #SID: 1 2 3 4 5 7 8 
6 -1 1 -1 6 -1 1 -1 6 -1 1 -1 6 -1 1 -1 6 -1 1 -1 6 -1 1 -1 6 -1 1 -1 6 -1 1 -1 6 -1 1 -1 6 -1 1 -1 6 -1 1 -1 6 -1 1 -1 6 -1 1 -1 6 -1 1 -1 6 -1 1 -1 6 -1 1 -1 6 -1 1 -1 6 -1 1 -1 6 -1 1 -1 6 -1 1 -1 #SUP: 7 #SID: 1 2 3 4 5 7 8 
6 -1 1 -1 6 -1 1 -1 6 -1 1 -1 6 -1 1 -1 6 -1 1 -1 6 -1 1 -1 6 -1 1 -1 6 -1 1 -1 6 -1 1 -1 6 -1 1 -1 6 -1 1 -1 6 -1 1 -1 6 -1 1 -1 6 -1 1 -1 6 -1 1 -1 6 -1 1 -1 6 -1 1 -1 6 -1 1 -1 6 -1 1 -1 6 -1 1 -1 1 -1 #SUP: 7 #SID: 1 2 3 4 5 7 8 
6 -1 1 -1 6 -1 1 -1 6 -1 1 -1 6 -1 1 -1 6 -1 1 -1 6 -1 1 -1 6 -1 1 -1 6 -1 1 -1 6 -1 1 -1 6 -1 1 -1 6 -1 1 -1 6 -1 1 -1 6 -1 1 -1 6 -1 1 -1 6 -1 1 -1 6 -1 1 -1 6 -1 1 -1 6 -1 1 -1 6 -1 1 -1 6 -1 3 -1 1 -1 #SUP: 5 #SID: 1 4 5 7 8 
6 -1 1 -1 6 -1 1 -1 6 -1 1 -1 6 -1 1 -1 6 -1 1 -1 6 -1 1 -1 6 -1 1 -1 6 -1 1 -1 6 -1 1 -1 6 -1 1 -1 6 -1 1 -1 6 -1 1 -1 6 -1 1 -1 6 -1 1 -1 6 -1 1 -1 6 -1 1 -1 6 -1 1 -1 6 -1 1 -1 6 -1 1 -1 6 -1 1 -1 3 -1 #SUP: 6 #SID: 1 2 4 5 7 8 
6 -1 1 -1 6 -1 1 -1 6 -1 1 -1 6 -1 1 -1 6 -1 1 -1 6 -1 1 -1 6 -1 1 -1 6 -1 1 -1 6 -1 1 -1 6 -1 1 -1 6 -1 1 -1 6 -1 1 -1 6 -1 1 -1 6 -1 1 -1 6 -1 1 -1 6 -1 1 -1 6 -1 1 -1 6 -1 1 -1 6 -1 1 -1 6 -1 1 -1 4 -1 #SUP: 5 #SID: 1 4 5 7 8 
6 -1 1 -1 6 -1 1 -1 6 -1 1 -1 6 -1 1 -1 6 -1 1 -1 6 -1 1 -1 6 -1 1 -1 6 -1 1 -1 6 -1 1 -1 6 -1 1 -1 6 -1 1 -1 6 -1 1 -1 6 -1 1 -1 6 -1 1 -1 6 -1 1 -1 6 -1 1 -1 6 -1 1 -1 6 -1 1 -1 6 -1 1 -1 6 -1 1 6 -1 #SUP: 7 #SID: 1 2 3 4 5 7 8 
6 -1 1 -1 6 -1 1 -1 6 -1 1 -1 6 -1 1 -1 6 -1 1 -1 6 -1 1 -1 6 -1 1 -1 6 -1 1 -1 6 -1 1 -1 6 -1 1 -1 6 -1 1 -1 6 -1 1 -1 6 -1 1 -1 6 -1 1 -1 6 -1 1 -1 6 -1 1 -1 6 -1 1 -1 6 -1 1 -1 6 -1 1 -1 6 -1 6 -1 1 -1 #SUP: 7 #SID: 1 2 3 4 5 7 8 
6 -1 1 -1 6 -1 1 -1 6 -1 1 -1 6 -1 1 -1 6 -1 1 -1 6 -1 1 -1 6 -1 1 -1 6 -1 1 -1 6 -1 1 -1 6 -1 1 -1 6 -1 1 -1 6 -1 1 -1 6 -1 1 -1 6 -1 1 -1 6 -1 1 -1 6 -1 1 -1 6 -1 1 -1 6 -1 1 -1 6 -1 1 -1 6 -1 1 -1 6 -1 #SUP: 7 #SID: 1 2 3 4 5 7 8 
6 -1 1 -1 6 -1 1 -1 6 -1 1 -1 6 -1 1 -1 6 -1 1 -1 6 -1 1 -1 6 -1 1 -1 6 -1 1 -1 6 -1 1 -1 6 -1 1 -1 6 -1 1 -1 6 -1 1 -1 6 -1 1 -1 6 -1 1 -1 6 -1 1 -1 6 -1 1 -1 6 -1 1 -1 6 -1 1 -1 6 -1 1 -1 6 -1 1 -1 6 -1 6 -1 #SUP: 7 #SID: 1 2 3 4 5 7 8 
6 -1 1 -1 6 -1 1 -1 6 -1 1 -1 6 -1 1 -1 6 -1 1 -1 6 -1 1 -1 6 -1 1 -1 6 -1 1 -1 6 -1 1 -1 6 -1 1 -1 6 -1 1 -1 6 -1 1 -1 6 -1 1 -1 6 -1 1 -1 6 -1 1 -1 6 -1 1 -1 6 -1 1 -1 6 -1 1 -1 6 -1 1 -1 6 -1 1 6 -1 6 -1 #SUP: 7 #SID: 1 2 3 4 5 7 8 
6 -1 1 -1 6 -1 1 -1 6 -1 1 -1 6 -1 1 -1 6 -1 1 -1 6 -1 1 -1 6 -1 1 -1 6 -1 1 -1 6 -1 1 -1 6 -1 1 -1 6 -1 1 -1 6 -1 1 -1 6 -1 1 -1 6 -1 1 -1 6 -1 1 -1 6 -1 1 -1 6 -1 1 -1 6 -1 1 -1 6 -1 1 -1 6 -1 1 -1 4 6 -1 #SUP: 5 #SID: 1 4 5 7 8 
6 -1 1 -1 6 -1 1 -1 6 -1 1 -1 6 -1 1 -1 6 -1 1 -1 6 -1 1 -1 6 -1 1 -1 6 -1 1 -1 6 -1 1 -1 6 -1 1 -1 6 -1 1 -1 6 -1 1 -1 6 -1 1 -1 6 -1 1 -1 6 -1 1 -1 6 -1 1 -1 6 -1 1 -1 6 -1 1 -1 6 -1 1 -1 6 -1 1 -1 4 -1 6 -1 #SUP: 5 #SID: 1 4 5 7 8 
6 -1 1 -1 6 -1 1 -1 6 -1 1 -1 6 -1 1 -1 6 -1 1 -1 6 -1 1 -1 6 -1 1 -1 6 -1 1 -1 6 -1 1 -1 6 -1 1 -1 6 -1 1 -1 6 -1 1 -1 6 -1 1 -1 6 -1 1 -1 6 -1 1 -1 6 -1 1 -1 6 -1 1 -1 6 -1 1 -1 6 -1 1 -1 6 -1 1 -1 6 -1 4 -1 #SUP: 5 #SID: 1 4 5 7 8 
6 -1 1 -1 6 -1 1 -1 6 -1 1 -1 6 -1 1 -1 6 -1 1 -1 6 -1 1 -1 6 -1 1 -1 6 -1 1 -1 6 -1 1 -1 6 -1 1 -1 6 -1 1 -1 6 -1 1 -1 6 -1 1 -1 6 -1 1 -1 6 -1 1 -1 6 -1 1 -1 6 -1 1 -1 6 -1 1 -1 6 -1 1 -1 6 -1 1 -1 3 6 -1 #SUP: 6 #SID: 1 2 4 5 7 8 
6 -1 1 -1 6 -1 1 -1 6 -1 1 -1 6 -1 1 -1 6 -1 1 -1 6 -1 1 -1 6 -1 1 -1 6 -1 1 -1 6 -1 1 -1 6 -1 1 -1 6 -1 1 -1 6 -1 1 -1 6 -1 1 -1 6 -1 1 -1 6 -1 1 -1 6 -1 1 -1 6 -1 1 -1 6 -1 1 -1 6 -1 1 -1 6 -1 1 -1 3 -1 6 -1 #SUP: 6 #SID: 1 2 4 5 7 8 
6 -1 1 -1 6 -1 1 -1 6 -1 1 -1 6 -1 1 -1 6 -1 1 -1 6 -1 1 -1 6 -1 1 -1 6 -1 1 -1 6 -1 1 -1 6 -1 1 -1 6 -1 1 -1 6 -1 1 -1 6 -1 1 -1 6 -1 1 -1 6 -1 1 -1 6 -1 1 -1 6 -1 1 -1 6 -1 1 -1 6 -1 1 -1 6 -1 1 -1 6 -1 3 -1 #SUP: 6 #SID: 1 2 4 5 7 8 
6 -1 1 -1 6 -1 1 -1 6 -1 1 -1 6 -1 1 -1 6 -1 1 -1 6 -1 1 -1 6 -1 1 -1 6 -1 1 -1 6 -1 1 -1 6 -1 1 -1 6 -1 1 -1 6 -1 1 -1 6 -1 1 -1 6 -1 1 -1 6 -1 1 -1 6 -1 1 -1 6 -1 1 -1 6 -1 1 -1 6 -1 1 -1 6 -1 1 -1 1 6 -1 #SUP: 7 #SID: 1 2 3 4 5 7 8 
6 -1 1 -1 6 -1 1 -1 6 -1 1 -1 6 -1 1 -1 6 -1 1 -1 6 -1 1 -1 6 -1 1 -1 6 -1 1 -1 6 -1 1 -1 6 -1 1 -1 6 -1 1 -1 6 -1 1 -1 6 -1 1 -1 6 -1 1 -1 6 -1 1 -1 6 -1 1 -1 6 -1 1 -1 6 -1 1 -1 6 -1 1 -1 6 -1 1 -1 1 -1 6 -1 #SUP: 7 #SID: 1 2 3 4 5 7 8 
6 -1 1 -1 6 -1 1 -1 6 -1 1 -1 6 -1 1 -1 6 -1 1 -1 6 -1 1 -1 6 -1 1 -1 6 -1 1 -1 6 -1 1 -1 6 -1 1 -1 6 -1 1 -1 6 -1 1 -1 6 -1 1 -1 6 -1 1 -1 6 -1 1 -1 6 -1 1 -1 6 -1 1 -1 6 -1 1 -1 6 -1 1 -1 6 -1 1 -1 6 -1 1 -1 #SUP: 7 #SID: 1 2 3 4 5 7 8 
6 -1 1 -1 6 -1 1 -1 6 -1 1 -1 6 -1 1 -1 6 -1 1 -1 6 -1 1 -1 6 -1 1 -1 6 -1 1 -1 6 -1 1 -1 6 -1 1 -1 6 -1 1 -1 6 -1 1 -1 6 -1 1 -1 6 -1 1 -1 6 -1 1 -1 6 -1 1 -1 6 -1 1 -1 6 -1 1 -1 6 -1 1 -1 6 -1 1 -1 6 -1 1 -1 1 -1 #SUP: 7 #SID: 1 2 3 4 5 7 8 
6 -1 1 -1 6 -1 1 -1 6 -1 1 -1 6 -1 1 -1 6 -1 1 -1 6 -1 1 -1 6 -1 1 -1 6 -1 1 -1 6 -1 1 -1 6 -1 1 -1 6 -1 1 -1 6 -1 1 -1 6 -1 1 -1 6 -1 1 -1 6 -1 1 -1 6 -1 1 -1 6 -1 1 -1 6 -1 1 -1 6 -1 1 -1 6 -1 1 -1 6 -1 3 -1 1 -1 #SUP: 5 #SID: 1 4 5 7 8 
6 -1 1 -1 6 -1 1 -1 6 -1 1 -1 6 -1 1 -1 6 -1 1 -1 6 -1 1 -1 6 -1 1 -1 6 -1 1 -1 6 -1 1 -1 6 -1 1 -1 6 -1 1 -1 6 -1 1 -1 6 -1 1 -1 6 -1 1 -1 6 -1 1 -1 6 -1 1 -1 6 -1 1 -1 6 -1 1 -1 6 -1 1 -1 6 -1 1 -1 6 -1 1 -1 3 -1 #SUP: 6 #SID: 1 2 4 5 7 8 
6 -1 1 -1 6 -1 1 -1 6 -1 1 -1 6 -1 1 -1 6 -1 1 -1 6 -1 1 -1 6 -1 1 -1 6 -1 1 -1 6 -1 1 -1 6 -1 1 -1 6 -1 1 -1 6 -1 1 -1 6 -1 1 -1 6 -1 1 -1 6 -1 1 -1 6 -1 1 -1 6 -1 1 -1 6 -1 1 -1 6 -1 1 -1 6 -1 1 -1 6 -1 1 -1 4 -1 #SUP: 5 #SID: 1 4 5 7 8 
6 -1 1 -1 6 -1 1 -1 6 -1 1 -1 6 -1 1 -1 6 -1 1 -1 6 -1 1 -1 6 -1 1 -1 6 -1 1 -1 6 -1 1 -1 6 -1 1 -1 6 -1 1 -1 6 -1 1 -1 6 -1 1 -1 6 -1 1 -1 6 -1 1 -1 6 -1 1 -1 6 -1 1 -1 6 -1 1 -1 6 -1 1 -1 6 -1 1 -1 6 -1 1 6 -1 #SUP: 7 #SID: 1 2 3 4 5 7 8 
6 -1 1 -1 6 -1 1 -1 6 -1 1 -1 6 -1 1 -1 6 -1 1 -1 6 -1 1 -1 6 -1 1 -1 6 -1 1 -1 6 -1 1 -1 6 -1 1 -1 6 -1 1 -1 6 -1 1 -1 6 -1 1 -1 6 -1 1 -1 6 -1 1 -1 6 -1 1 -1 6 -1 1 -1 6 -1 1 -1 6 -1 1 -1 6 -1 1 -1 6 -1 6 -1 1 -1 #SUP: 7 #SID: 1 2 3 4 5 7 8 
6 -1 1 -1 6 -1 1 -1 6 -1 1 -1 6 -1 1 -1 6 -1 1 -1 6 -1 1 -1 6 -1 1 -1 6 -1 1 -1 6 -1 1 -1 6 -1 1 -1 6 -1 1 -1 6 -1 1 -1 6 -1 1 -1 6 -1 1 -1 6 -1 1 -1 6 -1 1 -1 6 -1 1 -1 6 -1 1 -1 6 -1 1 -1 6 -1 1 -1 6 -1 1 -1 6 -1 #SUP: 7 #SID: 1 2 3 4 5 7 8 
6 -1 1 -1 6 -1 1 -1 6 -1 1 -1 6 -1 1 -1 6 -1 1 -1 6 -1 1 -1 6 -1 1 -1 6 -1 1 -1 6 -1 1 -1 6 -1 1 -1 6 -1 1 -1 6 -1 1 -1 6 -1 1 -1 6 -1 1 -1 6 -1 1 -1 6 -1 1 -1 6 -1 1 -1 6 -1 1 -1 6 -1 1 -1 6 -1 1 -1 6 -1 1 -1 6 -1 6 -1 #SUP: 7 #SID: 1 2 3 4 5 7 8 
6 -1 1 -1 6 -1 1 -1 6 -1 1 -1 6 -1 1 -1 6 -1 1 -1 6 -1 1 -1 6 -1 1 -1 6 -1 1 -1 6 -1 1 -1 6 -1 1 -1 6 -1 1 -1 6 -1 1 -1 6 -1 1 -1 6 -1 1 -1 6 -1 1 -1 6 -1 1 -1 6 -1 1 -1 6 -1 1 -1 6 -1 1 -1 6 -1 1 -1 6 -1 1 6 -1 6 -1 #SUP: 7 #SID: 1 2 3 4 5 7 8 
6 -1 1 -1 6 -1 1 -1 6 -1 1 -1 6 -1 1 -1 6 -1 1 -1 6 -1 1 -1 6 -1 1 -1 6 -1 1 -1 6 -1 1 -1 6 -1 1 -1 6 -1 1 -1 6 -1 1 -1 6 -1 1 -1 6 -1 1 -1 6 -1 1 -1 6 -1 1 -1 6 -1 1 -1 6 -1 1 -1 6 -1 1 -1 6 -1 1 -1 6 -1 1 -1 4 6 -1 #SUP: 5 #SID: 1 4 5 7 8 
6 -1 1 -1 6 -1 1 -1 6 -1 1 -1 6 -1 1 -1 6 -1 1 -1 6 -1 1 -1 6 -1 1 -1 6 -1 1 -1 6 -1 1 -1 6 -1 1 -1 6 -1 1 -1 6 -1 1 -1 6 -1 1 -1 6 -1 1 -1 6 -1 1 -1 6 -1 1 -1 6 -1 1 -1 6 -1 1 -1 6 -1 1 -1 6 -1 1 -1 6 -1 1 -1 4 -1 6 -1 #SUP: 5 #SID: 1 4 5 7 8 
6 -1 1 -1 6 -1 1 -1 6 -1 1 -1 6 -1 1 -1 6 -1 1 -1 6 -1 1 -1 6 -1 1 -1 6 -1 1 -1 6 -1 1 -1 6 -1 1 -1 6 -1 1 -1 6 -1 1 -1 6 -1 1 -1 6 -1 1 -1 6 -1 1 -1 6 -1 1 -1 6 -1 1 -1 6 -1 1 -1 6 -1 1 -1 6 -1 1 -1 6 -1 1 -1 6 -1 4 -1 #SUP: 5 #SID: 1 4 5 7 8 
6 -1 1 -1 6 -1 1 -1 6 -1 1 -1 6 -1 1 -1 6 -1 1 -1 6 -1 1 -1 6 -1 1 -1 6 -1 1 -1 6 -1 1 -1 6 -1 1 -1 6 -1 1 -1 6 -1 1 -1 6 -1 1 -1 6 -1 1 -1 6 -1 1 -1 6 -1 1 -1 6 -1 1 -1 6 -1 1 -1 6 -1 1 -1 6 -1 1 -1 6 -1 1 -1 3 6 -1 #SUP: 6 #SID: 1 2 4 5 7 8 
6 -1 1 -1 6 -1 1 -1 6 -1 1 -1 6 -1 1 -1 6 -1 1 -1 6 -1 1 -1 6 -1 1 -1 6 -1 1 -1 6 -1 1 -1 6 -1 1 -1 6 -1 1 -1 6 -1 1 -1 6 -1 1 -1 6 -1 1 -1 6 -1 1 -1 6 -1 1 -1 6 -1 1 -1 6 -1 1 -1 6 -1 1 -1 6 -1 1 -1 6 -1 1 -1 3 -1 6 -1 #SUP: 5 #SID: 1 2 4 7 8 
6 -1 1 -1 6 -1 1 -1 6 -1 1 -1 6 -1 1 -1 6 -1 1 -1 6 -1 1 -1 6 -1 1 -1 6 -1 1 -1 6 -1 1 -1 6 -1 1 -1 6 -1 1 -1 6 -1 1 -1 6 -1 1 -1 6 -1 1 -1 6 -1 1 -1 6 -1 1 -1 6 -1 1 -1 6 -1 1 -1 6 -1 1 -1 6 -1 1 -1 6 -1 1 -1 6 -1 3 -1 #SUP: 6 #SID: 1 2 4 5 7 8 
6 -1 1 -1 6 -1 1 -1 6 -1 1 -1 6 -1 1 -1 6 -1 1 -1 6 -1 1 -1 6 -1 1 -1 6 -1 1 -1 6 -1 1 -1 6 -1 1 -1 6 -1 1 -1 6 -1 1 -1 6 -1 1 -1 6 -1 1 -1 6 -1 1 -1 6 -1 1 -1 6 -1 1 -1 6 -1 1 -1 6 -1 1 -1 6 -1 1 -1 6 -1 1 -1 1 6 -1 #SUP: 7 #SID: 1 2 3 4 5 7 8 
6 -1 1 -1 6 -1 1 -1 6 -1 1 -1 6 -1 1 -1 6 -1 1 -1 6 -1 1 -1 6 -1 1 -1 6 -1 1 -1 6 -1 1 -1 6 -1 1 -1 6 -1 1 -1 6 -1 1 -1 6 -1 1 -1 6 -1 1 -1 6 -1 1 -1 6 -1 1 -1 6 -1 1 -1 6 -1 1 -1 6 -1 1 -1 6 -1 1 -1 6 -1 1 -1 1 -1 6 -1 #SUP: 7 #SID: 1 2 3 4 5 7 8 
6 -1 1 -1 6 -1 1 -1 6 -1 1 -1 6 -1 1 -1 6 -1 1 -1 6 -1 1 -1 6 -1 1 -1 6 -1 1 -1 6 -1 1 -1 6 -1 1 -1 6 -1 1 -1 6 -1 1 -1 6 -1 1 -1 6 -1 1 -1 6 -1 1 -1 6 -1 1 -1 6 -1 1 -1 6 -1 1 -1 6 -1 1 -1 6 -1 1 -1 6 -1 1 -1 6 -1 1 -1 #SUP: 7 #SID: 1 2 3 4 5 7 8 
